0, 1, 2,
1, 0, 3,
4, 5, 6,
7, 6, 5,
8, 9, 10,
9, 8, 11,
12, 13, 14,
15, 14, 13,
16, 17, 18,
17, 16, 19,
20, 21, 22,
23, 22, 21,
24, 25, 26,
27, 28, 29,
28, 27, 30,
31, 32, 33,
32, 31, 34,
33, 32, 35,
32, 34, 36,
36, 34, 37,
37, 34, 38,
38, 34, 39,
39, 34, 40,
40, 34, 41,
41, 34, 42,
42, 34, 43,
43, 34, 44,
44, 34, 45,
45, 34, 46,
45, 46, 47,
47, 46, 48,
46, 34, 49,
49, 34, 50,
50, 34, 51,
51, 34, 52,
33, 53, 54,
53, 33, 35,
54, 53, 55,
54, 55, 56,
54, 56, 57,
54, 57, 58,
58, 57, 59,
54, 58, 25,
54, 25, 60,
60, 25, 61,
61, 25, 24,
60, 61, 62,
62, 61, 63,
60, 62, 64,
54, 60, 52,
54, 52, 34,
50, 65, 66,
65, 50, 67,
67, 50, 68,
68, 50, 51,
65, 27, 69,
27, 65, 70,
70, 65, 71,
71, 65, 67,
72, 70, 73,
70, 72, 74,
70, 74, 30,
70, 30, 27,
75, 48, 46,
76, 47, 48,
77, 45, 47,
78, 42, 43,
79, 80, 81,
80, 79, 82,
80, 82, 83,
79, 84, 85,
84, 79, 86,
86, 79, 81,
86, 81, 87,
88, 89, 90,
89, 88, 91,
89, 91, 92,
92, 91, 85,
92, 85, 84,
35, 90, 93,
90, 35, 32,
93, 90, 89,
56, 55, 94,
57, 56, 95,
59, 57, 96,
97, 98, 99,
100, 101, 98,
102, 103, 101,
104, 105, 106,
107, 108, 105,
106, 105, 108,
109, 110, 111,
110, 112, 111,
111, 112, 104,
112, 113, 104,
105, 104, 113,
114, 115, 116,
115, 117, 116,
116, 117, 109,
110, 109, 117,
118, 119, 120,
119, 117, 120,
115, 120, 117,
121, 122, 123,
124, 125, 126,
127, 124, 128,
129, 127, 130,
131, 132, 133,
132, 134, 133,
134, 135, 133,
136, 133, 135,
137, 138, 139,
139, 138, 133,
133, 138, 131,
140, 131, 138,
141, 142, 143,
143, 142, 137,
137, 142, 138,
144, 138, 142,
145, 146, 147,
146, 148, 147,
149, 150, 148,
151, 152, 150,
150, 152, 148,
153, 154, 152,
152, 154, 148,
148, 154, 147,
154, 155, 147,
99, 98, 155,
155, 98, 147,
98, 101, 147,
101, 103, 147,
103, 156, 147,
108, 157, 156,
147, 156, 157,
146, 145, 141,
141, 145, 142,
142, 145, 158,
158, 145, 129,
127, 129, 124,
124, 129, 125,
129, 145, 125,
125, 145, 159,
159, 145, 121,
121, 145, 122,
122, 145, 160,
160, 145, 161,
161, 145, 162,
162, 145, 163,
163, 145, 164,
164, 145, 165,
165, 145, 107,
108, 107, 157,
145, 166, 107,
157, 107, 166,
132, 131, 167,
168, 167, 131,
169, 154, 153,
170, 171, 172,
171, 170, 173,
174, 175, 176,
177, 176, 175,
178, 179, 180,
179, 178, 181,
182, 183, 184,
185, 184, 183,
186, 187, 188,
187, 186, 189,
187, 189, 190,
190, 189, 191,
192, 193, 194,
194, 193, 195,
193, 196, 195,
197, 195, 196,
198, 199, 200,
199, 198, 201,
201, 198, 202,
199, 201, 203,
204, 205, 206,
207, 208, 205,
205, 208, 206,
209, 206, 208,
210, 211, 212,
213, 212, 211,
212, 213, 214,
212, 214, 215,
216, 217, 218,
217, 219, 218,
220, 218, 219,
218, 220, 221,
222, 223, 224,
223, 222, 225,
225, 222, 226,
227, 228, 229,
229, 228, 230,
231, 230, 228,
232, 233, 234,
233, 232, 235,
236, 237, 238,
239, 238, 237,
240, 241, 242,
241, 240, 243,
244, 245, 246,
247, 246, 245,
248, 249, 250,
251, 248, 252,
253, 254, 255,
254, 253, 256,
256, 253, 257,
257, 253, 258,
258, 253, 259,
259, 253, 260,
260, 253, 261,
262, 263, 264,
263, 262, 265,
266, 267, 268,
267, 266, 269,
269, 266, 270,
270, 266, 264,
270, 264, 271,
264, 266, 262,
271, 264, 272,
272, 264, 273,
271, 272, 274,
274, 272, 275,
271, 274, 276,
267, 277, 278,
277, 267, 279,
279, 267, 280,
280, 267, 281,
281, 267, 282,
282, 267, 269,
283, 284, 285,
284, 283, 286,
286, 283, 287,
286, 287, 288,
288, 287, 277,
288, 277, 279,
289, 290, 291,
290, 289, 292,
290, 292, 293,
293, 292, 285,
293, 285, 284,
294, 295, 296,
295, 294, 291,
295, 291, 297,
297, 291, 290,
249, 298, 299,
298, 249, 300,
300, 249, 248,
300, 248, 251,
300, 251, 301,
300, 301, 261,
300, 261, 253,
300, 253, 296,
300, 296, 295,
302, 266, 303,
266, 302, 262,
262, 302, 304,
304, 302, 305,
305, 302, 306,
307, 304, 305,
308, 262, 304,
309, 310, 311,
312, 309, 313,
314, 315, 312,
312, 315, 309,
309, 315, 310,
310, 315, 316,
317, 316, 315,
318, 319, 320,
319, 321, 320,
321, 322, 320,
322, 323, 320,
323, 324, 320,
324, 325, 320,
325, 326, 320,
320, 326, 327,
328, 327, 326,
329, 330, 331,
331, 330, 318,
330, 332, 318,
319, 318, 332,
333, 334, 335,
334, 336, 335,
335, 336, 329,
336, 337, 329,
330, 329, 337,
338, 339, 340,
339, 341, 340,
340, 341, 342,
341, 343, 342,
342, 343, 333,
334, 333, 343,
344, 345, 346,
346, 345, 347,
347, 345, 348,
348, 345, 338,
338, 345, 339,
349, 339, 345,
350, 351, 352,
353, 354, 351,
351, 354, 352,
355, 356, 354,
354, 356, 352,
310, 316, 356,
352, 356, 357,
356, 316, 357,
357, 316, 344,
344, 316, 345,
358, 345, 316,
359, 310, 360,
356, 360, 310,
322, 321, 361,
361, 321, 362,
362, 321, 363,
363, 321, 364,
364, 321, 365,
365, 321, 366,
367, 366, 321,
368, 325, 324,
369, 326, 325,
370, 371, 372,
371, 370, 373,
374, 375, 376,
377, 376, 375,
378, 379, 380,
379, 378, 381,
382, 383, 384,
385, 384, 383,
386, 387, 388,
387, 386, 389,
389, 386, 390,
391, 392, 393,
393, 392, 394,
395, 394, 392,
396, 397, 398,
397, 396, 399,
400, 401, 402,
403, 402, 401,
404, 405, 406,
405, 404, 407,
406, 405, 408,
408, 405, 409,
409, 405, 410,
405, 407, 411,
411, 407, 412,
411, 412, 413,
412, 407, 414,
415, 416, 417,
416, 415, 413,
416, 413, 418,
418, 413, 412,
419, 417, 416,
410, 420, 421,
420, 410, 405,
421, 420, 422,
421, 422, 423,
423, 422, 424,
425, 426, 427,
427, 426, 428,
426, 429, 428,
430, 431, 429,
428, 429, 431,
432, 433, 434,
435, 436, 437,
437, 436, 432,
436, 438, 432,
433, 432, 438,
439, 440, 435,
436, 435, 441,
435, 440, 441,
441, 440, 430,
431, 430, 442,
442, 430, 443,
443, 430, 444,
440, 445, 430,
444, 430, 445,
446, 447, 448,
447, 446, 449,
450, 451, 452,
453, 452, 451,
454, 455, 456,
455, 454, 457,
455, 457, 458,
458, 457, 459,
460, 457, 461,
462, 463, 464,
463, 462, 465,
465, 462, 466,
466, 462, 467,
467, 462, 468,
467, 468, 459,
467, 459, 469,
469, 459, 470,
470, 459, 471,
471, 459, 457,
471, 457, 460,
472, 473, 474,
473, 472, 456,
473, 456, 455,
475, 476, 477,
476, 478, 477,
479, 477, 478,
480, 481, 482,
481, 483, 482,
482, 483, 484,
484, 483, 485,
485, 483, 486,
483, 487, 486,
487, 488, 486,
486, 488, 489,
489, 488, 490,
490, 488, 491,
492, 491, 488,
493, 481, 480,
483, 481, 494,
494, 481, 475,
481, 495, 475,
476, 475, 495,
496, 497, 498,
497, 496, 499,
497, 499, 500,
500, 499, 501,
501, 499, 502,
502, 499, 503,
503, 499, 504,
504, 499, 505,
505, 499, 506,
506, 499, 507,
498, 508, 509,
508, 498, 497,
508, 497, 510,
508, 510, 511,
508, 511, 512,
508, 512, 513,
508, 513, 514,
508, 514, 515,
509, 508, 507,
509, 507, 499,
505, 515, 514,
515, 505, 506,
503, 513, 512,
513, 503, 504,
501, 511, 510,
511, 501, 502,
516, 517, 518,
519, 518, 517,
520, 521, 522,
523, 522, 521,
524, 525, 526,
527, 526, 525,
528, 529, 530,
529, 531, 530,
526, 527, 531,
527, 522, 531,
522, 523, 531,
523, 518, 531,
518, 519, 531,
519, 532, 531,
532, 533, 531,
530, 531, 533,
529, 528, 524,
524, 528, 525,
525, 528, 520,
520, 528, 521,
521, 528, 516,
516, 528, 517,
517, 528, 534,
534, 528, 532,
528, 535, 532,
533, 532, 535,
536, 537, 538,
537, 536, 539,
540, 541, 542,
543, 542, 541,
544, 545, 546,
545, 544, 547,
548, 549, 550,
551, 550, 549,
552, 553, 554,
553, 552, 555,
553, 555, 556,
556, 555, 557,
557, 555, 558,
558, 555, 559,
559, 555, 560,
560, 555, 561,
561, 555, 562,
562, 555, 563,
554, 564, 565,
564, 554, 553,
564, 553, 566,
564, 566, 567,
564, 567, 568,
564, 568, 569,
564, 569, 570,
564, 570, 571,
565, 564, 563,
565, 563, 555,
561, 571, 570,
571, 561, 562,
559, 569, 568,
569, 559, 560,
557, 567, 566,
567, 557, 558,
572, 573, 574,
575, 574, 573,
576, 577, 578,
579, 578, 577,
580, 581, 582,
583, 582, 581,
584, 585, 586,
585, 587, 586,
582, 583, 587,
583, 578, 587,
578, 579, 587,
579, 574, 587,
574, 575, 587,
575, 588, 587,
588, 589, 587,
586, 587, 589,
585, 584, 580,
580, 584, 581,
581, 584, 576,
576, 584, 577,
577, 584, 572,
572, 584, 573,
573, 584, 590,
590, 584, 588,
584, 591, 588,
589, 588, 591,
592, 593, 594,
593, 592, 595,
596, 597, 598,
599, 598, 597,
600, 601, 602,
601, 600, 603,
604, 605, 606,
607, 606, 605,
608, 609, 610,
609, 608, 611,
612, 613, 614,
615, 614, 613,
616, 617, 618,
617, 616, 619,
620, 621, 622,
623, 622, 621,
624, 625, 626,
625, 624, 627,
627, 624, 628,
629, 630, 631,
631, 630, 632,
633, 632, 630,
634, 635, 636,
635, 634, 637,
638, 639, 640,
641, 640, 639,
642, 643, 644,
643, 642, 645,
643, 645, 646,
646, 645, 647,
646, 647, 648,
647, 645, 649,
649, 645, 650,
649, 650, 651,
650, 645, 652,
652, 645, 653,
652, 653, 654,
653, 645, 655,
655, 645, 656,
644, 657, 658,
657, 644, 643,
658, 657, 648,
658, 648, 659,
659, 648, 647,
658, 659, 651,
658, 651, 660,
660, 651, 650,
658, 660, 654,
658, 654, 661,
661, 654, 653,
658, 661, 656,
658, 656, 645,
662, 663, 664,
663, 665, 664,
666, 667, 665,
665, 667, 664,
667, 668, 664,
669, 670, 668,
668, 670, 664,
670, 671, 664,
672, 673, 671,
671, 673, 664,
673, 674, 664,
675, 676, 674,
664, 674, 676,
663, 662, 677,
677, 662, 666,
667, 666, 678,
666, 662, 678,
678, 662, 669,
670, 669, 679,
669, 662, 679,
679, 662, 672,
673, 672, 680,
672, 662, 680,
680, 662, 675,
662, 681, 675,
676, 675, 681,
682, 683, 684,
683, 682, 685,
686, 687, 688,
689, 688, 687,
690, 642, 691,
642, 690, 645,
662, 692, 681,
693, 681, 692,
694, 695, 691,
695, 694, 696,
695, 696, 697,
697, 696, 698,
697, 698, 699,
698, 696, 700,
700, 696, 701,
700, 701, 702,
701, 696, 703,
703, 696, 704,
703, 704, 705,
704, 696, 706,
706, 696, 707,
691, 708, 690,
708, 691, 695,
690, 708, 699,
690, 699, 709,
709, 699, 698,
690, 709, 702,
690, 702, 710,
710, 702, 701,
690, 710, 705,
690, 705, 711,
711, 705, 704,
690, 711, 707,
690, 707, 696,
712, 713, 692,
713, 714, 692,
715, 716, 714,
714, 716, 692,
716, 717, 692,
718, 719, 717,
717, 719, 692,
719, 720, 692,
721, 722, 720,
720, 722, 692,
722, 723, 692,
724, 693, 723,
692, 723, 693,
713, 712, 725,
725, 712, 715,
716, 715, 726,
715, 712, 726,
726, 712, 718,
719, 718, 727,
718, 712, 727,
727, 712, 721,
722, 721, 728,
721, 712, 728,
728, 712, 724,
712, 729, 724,
693, 724, 729,
730, 731, 732,
731, 730, 733,
734, 735, 736,
737, 736, 735,
738, 739, 740,
739, 738, 741,
742, 743, 744,
745, 744, 743,
746, 747, 748,
747, 746, 749,
750, 751, 752,
753, 752, 751,
754, 755, 756,
755, 754, 757,
758, 759, 760,
761, 760, 759,
762, 763, 764,
763, 762, 765,
765, 762, 766,
767, 763, 765,
768, 769, 770,
771, 772, 768,
768, 772, 769,
773, 769, 772,
774, 775, 776,
775, 774, 777,
777, 774, 778,
779, 775, 777,
780, 781, 782,
783, 784, 780,
780, 784, 781,
785, 781, 784,
786, 787, 788,
787, 786, 789,
790, 791, 792,
793, 792, 791,
794, 795, 796,
795, 794, 797,
795, 797, 798,
798, 797, 799,
798, 799, 800,
801, 802, 803,
802, 801, 804,
802, 804, 805,
805, 804, 806,
805, 806, 807,
796, 808, 809,
808, 796, 810,
810, 796, 811,
811, 796, 795,
810, 811, 807,
810, 807, 812,
812, 807, 806,
810, 812, 813,
814, 815, 816,
817, 818, 815,
815, 818, 816,
818, 819, 816,
820, 821, 819,
819, 821, 816,
816, 821, 822,
823, 822, 821,
818, 817, 824,
817, 825, 824,
824, 825, 826,
825, 827, 826,
828, 826, 827,
829, 830, 831,
830, 832, 831,
831, 832, 820,
832, 833, 820,
821, 820, 833,
834, 835, 836,
835, 834, 837,
838, 839, 840,
841, 840, 839,
842, 843, 844,
843, 842, 845,
846, 847, 848,
849, 848, 847,
850, 851, 852,
851, 850, 853,
854, 855, 856,
857, 856, 855,
858, 859, 860,
859, 858, 861,
859, 861, 862,
862, 861, 863,
863, 861, 864,
864, 861, 865,
865, 861, 866,
866, 861, 867,
867, 861, 868,
868, 861, 869,
860, 870, 871,
870, 860, 859,
870, 859, 872,
870, 872, 873,
870, 873, 874,
870, 874, 875,
870, 875, 876,
870, 876, 877,
871, 870, 869,
871, 869, 861,
867, 877, 876,
877, 867, 868,
865, 875, 874,
875, 865, 866,
863, 873, 872,
873, 863, 864,
878, 879, 880,
881, 880, 879,
882, 883, 884,
885, 884, 883,
886, 887, 888,
889, 888, 887,
890, 891, 892,
891, 893, 892,
888, 889, 893,
889, 884, 893,
884, 885, 893,
885, 880, 893,
880, 881, 893,
881, 894, 893,
894, 895, 893,
892, 893, 895,
891, 890, 886,
886, 890, 887,
887, 890, 882,
882, 890, 883,
883, 890, 878,
878, 890, 879,
879, 890, 896,
896, 890, 894,
890, 897, 894,
895, 894, 897,
898, 899, 900,
899, 898, 901,
902, 903, 904,
905, 904, 903,
906, 907, 908,
907, 906, 909,
907, 909, 910,
910, 909, 911,
911, 909, 912,
912, 909, 913,
913, 909, 914,
914, 909, 915,
915, 909, 916,
916, 909, 917,
908, 918, 919,
918, 908, 907,
918, 907, 920,
918, 920, 921,
918, 921, 922,
918, 922, 923,
918, 923, 924,
918, 924, 925,
919, 918, 917,
919, 917, 909,
915, 925, 924,
925, 915, 916,
913, 923, 922,
923, 913, 914,
911, 921, 920,
921, 911, 912,
926, 927, 928,
929, 928, 927,
930, 931, 932,
933, 932, 931,
934, 935, 936,
937, 936, 935,
938, 939, 940,
939, 941, 940,
936, 937, 941,
937, 932, 941,
932, 933, 941,
933, 928, 941,
928, 929, 941,
929, 942, 941,
942, 943, 941,
940, 941, 943,
939, 938, 934,
934, 938, 935,
935, 938, 930,
930, 938, 931,
931, 938, 926,
926, 938, 927,
927, 938, 944,
944, 938, 942,
938, 945, 942,
943, 942, 945,
946, 947, 948,
947, 946, 949,
950, 951, 952,
953, 952, 951,
954, 955, 956,
955, 954, 957,
958, 959, 960,
961, 960, 959,
962, 963, 964,
963, 962, 965,
966, 967, 968,
969, 968, 967,
970, 971, 972,
971, 970, 973,
974, 975, 976,
977, 976, 975,
978, 979, 980,
979, 978, 981,
981, 978, 982,
982, 978, 983,
984, 985, 986,
986, 985, 987,
987, 985, 988,
989, 988, 985,
990, 991, 992,
991, 990, 993,
993, 990, 994,
991, 993, 995,
996, 997, 998,
999, 1000, 997,
997, 1000, 998,
1001, 998, 1000,
1002, 1003, 1004,
1003, 1002, 1005,
1006, 1007, 1008,
1009, 1008, 1007,
1010, 1011, 1012,
1011, 1010, 1013,
1011, 1013, 1014,
1014, 1013, 1015,
1016, 1013, 1017,
1013, 1016, 1018,
1018, 1016, 1019,
1019, 1016, 1020,
1021, 1022, 1023,
1022, 1021, 1024,
1024, 1021, 1025,
1025, 1021, 1026,
1025, 1026, 1018,
1018, 1026, 1015,
1018, 1015, 1013,
1027, 1028, 1029,
1028, 1027, 1012,
1028, 1012, 1011,
1030, 1031, 1032,
1031, 1033, 1032,
1034, 1032, 1033,
1035, 1036, 1037,
1036, 1038, 1037,
1037, 1038, 1039,
1038, 1040, 1039,
1039, 1040, 1041,
1041, 1040, 1042,
1043, 1042, 1040,
1044, 1045, 1046,
1046, 1045, 1037,
1037, 1045, 1035,
1047, 1035, 1045,
1036, 1035, 1048,
1048, 1035, 1030,
1035, 1049, 1030,
1031, 1030, 1049,
1050, 1051, 1052,
1051, 1050, 1053,
1054, 1055, 1056,
1057, 1056, 1055,
1058, 1059, 1060,
1059, 1058, 1061,
1062, 1063, 1064,
1065, 1064, 1063,
1066, 1067, 1068,
1067, 1066, 1069,
1070, 1071, 1072,
1073, 1072, 1071,
1074, 1075, 1076,
1075, 1074, 1077,
1075, 1077, 1078,
1078, 1077, 1079,
1078, 1079, 1080,
1079, 1077, 1081,
1081, 1077, 1082,
1081, 1082, 1083,
1082, 1077, 1084,
1084, 1077, 1085,
1084, 1085, 1086,
1085, 1077, 1087,
1087, 1077, 1088,
1076, 1089, 1090,
1089, 1076, 1075,
1090, 1089, 1080,
1090, 1080, 1091,
1091, 1080, 1079,
1090, 1091, 1083,
1090, 1083, 1092,
1092, 1083, 1082,
1090, 1092, 1086,
1090, 1086, 1093,
1093, 1086, 1085,
1090, 1093, 1088,
1090, 1088, 1077,
1094, 1095, 1096,
1095, 1097, 1096,
1098, 1099, 1097,
1097, 1099, 1096,
1099, 1100, 1096,
1101, 1102, 1100,
1100, 1102, 1096,
1102, 1103, 1096,
1104, 1105, 1103,
1103, 1105, 1096,
1105, 1106, 1096,
1107, 1108, 1106,
1096, 1106, 1108,
1095, 1094, 1109,
1109, 1094, 1098,
1099, 1098, 1110,
1098, 1094, 1110,
1110, 1094, 1101,
1102, 1101, 1111,
1101, 1094, 1111,
1111, 1094, 1104,
1105, 1104, 1112,
1104, 1094, 1112,
1112, 1094, 1107,
1094, 1113, 1107,
1108, 1107, 1113,
1114, 1115, 1116,
1115, 1114, 1117,
1118, 1119, 1120,
1121, 1120, 1119,
1122, 1123, 1124,
1123, 1122, 1125,
1123, 1125, 1126,
1126, 1125, 1127,
1126, 1127, 1128,
1127, 1125, 1129,
1129, 1125, 1130,
1129, 1130, 1131,
1130, 1125, 1132,
1132, 1125, 1133,
1132, 1133, 1134,
1133, 1125, 1135,
1135, 1125, 1136,
1124, 1137, 1138,
1137, 1124, 1123,
1138, 1137, 1128,
1138, 1128, 1139,
1139, 1128, 1127,
1138, 1139, 1131,
1138, 1131, 1140,
1140, 1131, 1130,
1138, 1140, 1134,
1138, 1134, 1141,
1141, 1134, 1133,
1138, 1141, 1136,
1138, 1136, 1125,
1142, 1143, 1144,
1143, 1145, 1144,
1146, 1147, 1145,
1145, 1147, 1144,
1147, 1148, 1144,
1149, 1150, 1148,
1148, 1150, 1144,
1150, 1151, 1144,
1152, 1153, 1151,
1151, 1153, 1144,
1153, 1154, 1144,
1155, 1156, 1154,
1144, 1154, 1156,
1143, 1142, 1157,
1157, 1142, 1146,
1147, 1146, 1158,
1146, 1142, 1158,
1158, 1142, 1149,
1150, 1149, 1159,
1149, 1142, 1159,
1159, 1142, 1152,
1153, 1152, 1160,
1152, 1142, 1160,
1160, 1142, 1155,
1142, 1161, 1155,
1156, 1155, 1161,
1162, 1163, 1164,
1163, 1162, 1165,
1166, 1167, 1168,
1169, 1168, 1167,
1170, 1171, 1172,
1171, 1170, 1173,
1174, 1175, 1176,
1177, 1176, 1175,
1178, 1179, 1180,
1179, 1178, 1181,
1182, 1183, 1184,
1185, 1184, 1183,
1186, 1187, 1188,
1187, 1186, 1189,
1190, 1191, 1192,
1193, 1192, 1191,
1194, 1195, 1196,
1195, 1194, 1197,
1196, 1198, 1199,
1198, 1196, 1195,
1200, 1201, 1202,
1203, 1202, 1201,
1204, 1205, 1200,
1201, 1200, 1205,
1206, 1207, 1208,
1207, 1209, 1210,
1209, 1207, 1211,
1211, 1207, 1206,
1212, 1213, 1214,
1214, 1213, 1215,
1216, 1215, 1213,
1217, 1213, 1212,
1218, 1219, 1220,
1219, 1218, 1221,
1222, 1223, 1224,
1225, 1224, 1223,
1226, 1227, 1228,
1227, 1226, 1229,
1230, 1231, 1232,
1233, 1232, 1231,
1234, 1235, 1236,
1235, 1234, 1237,
1238, 1239, 1240,
1241, 1240, 1239,
1242, 1243, 1244,
1243, 1242, 1245,
1246, 1247, 1248,
1249, 1248, 1247,
1250, 1251, 1252,
1251, 1250, 1253,
1253, 1250, 1254,
1255, 1256, 1257,
1256, 1255, 1252,
1256, 1252, 1251,
1257, 1256, 1254,
1257, 1254, 1250,
1258, 1259, 1260,
1259, 1261, 1260,
1262, 1263, 1261,
1263, 1264, 1261,
1260, 1261, 1264,
1259, 1258, 1265,
1265, 1258, 1262,
1263, 1262, 1258,
1266, 1267, 1268,
1267, 1266, 1269,
1267, 1269, 1270,
1270, 1269, 1271,
1272, 1273, 1274,
1274, 1273, 1275,
1273, 1276, 1275,
1277, 1275, 1276,
1278, 1279, 1280,
1279, 1278, 1281,
1282, 1283, 1284,
1285, 1284, 1283,
1286, 1287, 1288,
1287, 1286, 1289,
1290, 1291, 1292,
1293, 1292, 1291,
1294, 1295, 1296,
1295, 1294, 1297,
1295, 1297, 1298,
1298, 1297, 1299,
1299, 1297, 1300,
1299, 1300, 1301,
1299, 1301, 1302,
1302, 1301, 1303,
1304, 1303, 1301,
1303, 1304, 1305,
1305, 1304, 1306,
1303, 1307, 1308,
1307, 1303, 1305,
1308, 1307, 1309,
1310, 1311, 1312,
1313, 1314, 1311,
1312, 1311, 1314,
1315, 1316, 1313,
1313, 1316, 1314,
1317, 1314, 1316,
1314, 1317, 1318,
1318, 1317, 1319,
1317, 1320, 1319,
1320, 1321, 1319,
1319, 1321, 1322,
1322, 1321, 1323,
1321, 1324, 1323,
1325, 1323, 1324,
1326, 1327, 1328,
1327, 1326, 1329,
1330, 1331, 1332,
1333, 1332, 1331,
1334, 1335, 1336,
1335, 1334, 1337,
1338, 1339, 1340,
1341, 1340, 1339,
1342, 1343, 1344,
1343, 1342, 1345,
1346, 1347, 1348,
1349, 1348, 1347,
1350, 1351, 1352,
1353, 1350, 1354,
1355, 1356, 1357,
1351, 1358, 1359,
1358, 1351, 1360,
1360, 1351, 1350,
1360, 1350, 1361,
1361, 1350, 1353,
1360, 1361, 1356,
1360, 1356, 1362,
1362, 1356, 1363,
1363, 1356, 1355,
1362, 1363, 1364,
1360, 1362, 1365,
1366, 1367, 1368,
1369, 1370, 1367,
1371, 1372, 1370,
1370, 1372, 1367,
1367, 1372, 1368,
1372, 1373, 1368,
1374, 1375, 1373,
1373, 1375, 1368,
1375, 1376, 1368,
1368, 1376, 1377,
1378, 1377, 1376,
1379, 1372, 1371,
1380, 1375, 1374,
1381, 1376, 1375,
1382, 1383, 1384,
1383, 1382, 1385,
1386, 1387, 1388,
1389, 1388, 1387,
1390, 1391, 1392,
1391, 1390, 1393,
1394, 1395, 1396,
1397, 1396, 1395,
1398, 1399, 1400,
1399, 1398, 1401,
1402, 1403, 1404,
1405, 1404, 1403,
1406, 1407, 1408,
1407, 1406, 1409,
1410, 1411, 1412,
1413, 1412, 1411,
1414, 1415, 1416,
1415, 1414, 1417,
1418, 1419, 1420,
1421, 1420, 1419,
1422, 1423, 1424,
1423, 1422, 1425,
1425, 1422, 1426,
1426, 1422, 1427,
1428, 1429, 1430,
1430, 1429, 1431,
1431, 1429, 1432,
1433, 1432, 1429,
1434, 1435, 1436,
1435, 1434, 1437,
1438, 1439, 1440,
1441, 1440, 1439,
1442, 1443, 1444,
1443, 1442, 1445,
1446, 1447, 1448,
1449, 1448, 1447,
1450, 1451, 1452,
1451, 1450, 1453,
1454, 1455, 1456,
1457, 1456, 1455,
1306, 1307, 1305,
1307, 1306, 1309,
1310, 1315, 1311,
1313, 1311, 1315,
1458, 1459, 1460,
1459, 1458, 1461,
1462, 1463, 1464,
1465, 1464, 1463,
1466, 1467, 1468,
1467, 1466, 1469,
1470, 1471, 1472,
1473, 1472, 1471,
1474, 1475, 1476,
1475, 1474, 1477,
1478, 1479, 1480,
1481, 1480, 1479,
1482, 1483, 1484,
1483, 1482, 1485,
1486, 1487, 1488,
1489, 1488, 1487,
1357, 1361, 1353,
1361, 1357, 1356,
1372, 1379, 1373,
1374, 1373, 1379,
1490, 1491, 1492,
1491, 1490, 1493,
1494, 1495, 1496,
1497, 1496, 1495,
1498, 1499, 1500,
1499, 1498, 1501,
1502, 1503, 1504,
1505, 1504, 1503,
1506, 1507, 1508,
1507, 1506, 1509,
1509, 1506, 1510,
1511, 1506, 1512,
1506, 1511, 1513,
1513, 1511, 1514,
1514, 1511, 1515,
1515, 1511, 1516,
1515, 1516, 1517,
1517, 1516, 1518,
1517, 1518, 1519,
1520, 1513, 1521,
1513, 1520, 1510,
1513, 1510, 1506,
1522, 1523, 1524,
1523, 1525, 1524,
1526, 1524, 1525,
1527, 1528, 1529,
1528, 1530, 1529,
1529, 1530, 1531,
1530, 1532, 1531,
1531, 1532, 1533,
1533, 1532, 1524,
1524, 1532, 1522,
1534, 1522, 1532,
1523, 1522, 1535,
1535, 1522, 1536,
1537, 1536, 1522,
1538, 1539, 1540,
1539, 1538, 1541,
1542, 1543, 1544,
1545, 1544, 1543,
1546, 1547, 1548,
1547, 1546, 1549,
1550, 1551, 1552,
1553, 1552, 1551,
1554, 1555, 1556,
1555, 1554, 1557,
1558, 1559, 1560,
1561, 1560, 1559,
1562, 1563, 1564,
1563, 1562, 1565,
1566, 1567, 1568,
1569, 1568, 1567,
1570, 1571, 1572,
1571, 1570, 1573,
1574, 1575, 1576,
1577, 1576, 1575,
1578, 1579, 1580,
1579, 1581, 1582,
1581, 1579, 1583,
1583, 1579, 1578,
1584, 1585, 1586,
1586, 1585, 1587,
1588, 1587, 1585,
1589, 1585, 1584,
1590, 1591, 1592,
1591, 1590, 1593,
1594, 1595, 1596,
1597, 1596, 1595,
1598, 1599, 1600,
1599, 1598, 1601,
1602, 1603, 1604,
1605, 1604, 1603,
1606, 1607, 1608,
1607, 1606, 1609,
1610, 1611, 1612,
1613, 1612, 1611,
1614, 1615, 1616,
1615, 1614, 1617,
1618, 1619, 1620,
1621, 1620, 1619,
1622, 1623, 1624,
1623, 1622, 1625,
1626, 1627, 1628,
1629, 1628, 1627,
1630, 1631, 1632,
1631, 1630, 1633,
1633, 1630, 1634,
1634, 1630, 1635,
1635, 1630, 1636,
1636, 1630, 1637,
1637, 1630, 1638,
1638, 1630, 1639,
1639, 1630, 1640,
1639, 1640, 1641,
1640, 1630, 1642,
1643, 1641, 1640,
1644, 1639, 1641,
1645, 1636, 1637,
1646, 1647, 1648,
1649, 1650, 1651,
1652, 1649, 1653,
1654, 1655, 1652,
1649, 1652, 1650,
1652, 1655, 1650,
1650, 1655, 1656,
1656, 1655, 1646,
1646, 1655, 1647,
1647, 1655, 1657,
1657, 1655, 1658,
1658, 1655, 1659,
1659, 1655, 1660,
1661, 1660, 1655,
1662, 1663, 1664,
1663, 1662, 1665,
1666, 1667, 1668,
1669, 1668, 1667,
1670, 1671, 1672,
1671, 1670, 1673,
1674, 1675, 1676,
1677, 1676, 1675,
1678, 1679, 1680,
1679, 1678, 1681,
1682, 1683, 1684,
1685, 1684, 1683,
1686, 1687, 1688,
1687, 1686, 1689,
1690, 1691, 1692,
1693, 1692, 1691,
1694, 1695, 1696,
1695, 1694, 1697,
1698, 1699, 1700,
1701, 1700, 1699,
1702, 1703, 1704,
1703, 1702, 1705,
1706, 1707, 1708,
1709, 1708, 1707,
1710, 1711, 1712,
1711, 1710, 1713,
1712, 1711, 1714,
1711, 1713, 1715,
1715, 1713, 1716,
1714, 1717, 1712,
1717, 1714, 1716,
1717, 1716, 1713,
1718, 1719, 1720,
1719, 1721, 1720,
1722, 1720, 1721,
1719, 1718, 1723,
1723, 1718, 1724,
1721, 1724, 1722,
1718, 1725, 1724,
1722, 1724, 1725,
1726, 1727, 1728,
1727, 1726, 1729,
1727, 1729, 1730,
1730, 1729, 1731,
1728, 1732, 1733,
1732, 1728, 1727,
1733, 1732, 1731,
1733, 1731, 1729,
1734, 1735, 1736,
1735, 1737, 1736,
1738, 1739, 1737,
1736, 1737, 1739,
1735, 1734, 1740,
1740, 1734, 1738,
1734, 1741, 1738,
1739, 1738, 1741,
1742, 1743, 1744,
1743, 1742, 1745,
1744, 1743, 1746,
1743, 1745, 1747,
1747, 1745, 1748,
1746, 1749, 1744,
1749, 1746, 1748,
1749, 1748, 1745,
1750, 1751, 1752,
1751, 1753, 1752,
1754, 1752, 1753,
1751, 1750, 1755,
1755, 1750, 1756,
1753, 1756, 1754,
1750, 1757, 1756,
1754, 1756, 1757,
1509, 1520, 1507,
1520, 1509, 1510,
1523, 1535, 1525,
1536, 1525, 1535,
1758, 1759, 1760,
1759, 1758, 1761,
1759, 1761, 1762,
1762, 1761, 1763,
1760, 1764, 1765,
1764, 1760, 1759,
1765, 1764, 1763,
1765, 1763, 1761,
1766, 1767, 1768,
1767, 1769, 1768,
1770, 1771, 1769,
1768, 1769, 1771,
1767, 1766, 1772,
1772, 1766, 1770,
1766, 1773, 1770,
1771, 1770, 1773,
1774, 1775, 1776,
1775, 1774, 1777,
1778, 1779, 1780,
1781, 1780, 1779,
1782, 1783, 1784,
1783, 1782, 1785,
1786, 1787, 1788,
1789, 1788, 1787,
1790, 1791, 1792,
1791, 1790, 1793,
1794, 1795, 1796,
1797, 1796, 1795,
1798, 1799, 1800,
1799, 1798, 1801,
1802, 1803, 1804,
1805, 1804, 1803,
1806, 1807, 1808,
1807, 1806, 1809,
1810, 1811, 1812,
1813, 1812, 1811,
1814, 1815, 1816,
1815, 1814, 1817,
1818, 1819, 1820,
1821, 1820, 1819,
1822, 1823, 1824,
1823, 1822, 1825,
1826, 1827, 1828,
1829, 1828, 1827,
1830, 1831, 1832,
1831, 1830, 1833,
1834, 1835, 1836,
1837, 1836, 1835,
1838, 1839, 1840,
1839, 1838, 1841,
1842, 1843, 1844,
1845, 1844, 1843,
1846, 1847, 1848,
1847, 1846, 1849,
1850, 1851, 1852,
1853, 1852, 1851,
1854, 1855, 1856,
1855, 1854, 1857,
1858, 1859, 1860,
1861, 1860, 1859,
1862, 1863, 1864,
1863, 1862, 1865,
1866, 1867, 1868,
1869, 1868, 1867,
1870, 1871, 1872,
1871, 1870, 1873,
1874, 1875, 1876,
1877, 1876, 1875,
1878, 1879, 1880,
1879, 1878, 1881,
1882, 1883, 1884,
1885, 1884, 1883,
1886, 1887, 1888,
1887, 1886, 1889,
1890, 1891, 1892,
1893, 1892, 1891,
1894, 1895, 1896,
1895, 1894, 1897,
1898, 1899, 1900,
1901, 1900, 1899,
1902, 1903, 1904,
1903, 1902, 1905,
1906, 1907, 1908,
1909, 1908, 1907,
1910, 1911, 1912,
1911, 1910, 1913,
1914, 1915, 1916,
1917, 1916, 1915,
1918, 1919, 1920,
1919, 1918, 1921,
1922, 1923, 1924,
1925, 1924, 1923,
1926, 1927, 1928,
1927, 1926, 1929,
1930, 1931, 1932,
1933, 1932, 1931,
1934, 1935, 1936,
1935, 1934, 1937,
1938, 1939, 1940,
1941, 1940, 1939,
1942, 1943, 1944,
1943, 1942, 1945,
1946, 1947, 1948,
1949, 1948, 1947,
1950, 1951, 1952,
1951, 1950, 1953,
1954, 1955, 1956,
1957, 1956, 1955,
1958, 1959, 1960,
1959, 1958, 1961,
1962, 1963, 1964,
1965, 1964, 1963,
1966, 1967, 1968,
1967, 1966, 1969,
1970, 1971, 1972,
1973, 1972, 1971,
1974, 1975, 1976,
1975, 1974, 1977,
1978, 1979, 1980,
1981, 1980, 1979,
1982, 1983, 1984,
1983, 1982, 1985,
1986, 1987, 1988,
1989, 1988, 1987,
1990, 1991, 1992,
1991, 1990, 1993,
1994, 1995, 1996,
1997, 1996, 1995,
1998, 1999, 2000,
1999, 1998, 2001,
2002, 2003, 2004,
2005, 2004, 2003,
2006, 2007, 2008,
2007, 2006, 2009,
2010, 2011, 2012,
2013, 2012, 2011,
2014, 2015, 2016,
2015, 2014, 2017,
2018, 2019, 2020,
2021, 2020, 2019,
2022, 2023, 2024,
2023, 2022, 2025,
2026, 2027, 2028,
2029, 2028, 2027,
2030, 2031, 2032,
2031, 2030, 2033,
2034, 2035, 2036,
2037, 2036, 2035,
2038, 2039, 2040,
2039, 2038, 2041,
2042, 2043, 2044,
2045, 2044, 2043,
2046, 2047, 2048,
2047, 2046, 2049,
2050, 2051, 2052,
2053, 2052, 2051,
2054, 2055, 2056,
2055, 2054, 2057,
2058, 2059, 2060,
2061, 2060, 2059,
2062, 2063, 2064,
2063, 2062, 2065,
2066, 2067, 2068,
2069, 2068, 2067,
2070, 2071, 2072,
2071, 2070, 2073,
2074, 2075, 2076,
2077, 2076, 2075,
2078, 2079, 2080,
2079, 2078, 2081,
2082, 2083, 2084,
2085, 2084, 2083,
2086, 2087, 2088,
2087, 2086, 2089,
2090, 2091, 2092,
2093, 2092, 2091,
2094, 2095, 2096,
2095, 2094, 2097,
2098, 2099, 2100,
2101, 2100, 2099,
2102, 2103, 2104,
2103, 2102, 2105,
2106, 2107, 2108,
2109, 2108, 2107,
2110, 2111, 2112,
2111, 2110, 2113,
2114, 2115, 2116,
2117, 2116, 2115,
2118, 2119, 2120,
2119, 2118, 2121,
2122, 2123, 2124,
2125, 2124, 2123,
2126, 2127, 2128,
2127, 2126, 2129,
2130, 2131, 2132,
2133, 2132, 2131,
2134, 2135, 2136,
2135, 2134, 2137,
2138, 2139, 2140,
2141, 2140, 2139,
2142, 2143, 2144,
2143, 2142, 2145,
2146, 2147, 2148,
2149, 2148, 2147,
2150, 2151, 2152,
2151, 2150, 2153,
2154, 2155, 2156,
2157, 2156, 2155,
2158, 2159, 2160,
2159, 2158, 2161,
2162, 2163, 2164,
2165, 2164, 2163,
2166, 2167, 2168,
2167, 2166, 2169,
2170, 2171, 2172,
2173, 2172, 2171,
2174, 2175, 2176,
2175, 2174, 2177,
2178, 2179, 2180,
2181, 2180, 2179,
2182, 2183, 2184,
2183, 2182, 2185,
2186, 2187, 2188,
2189, 2188, 2187,
2190, 2191, 2192,
2191, 2190, 2193,
2194, 2195, 2196,
2197, 2196, 2195,
2198, 2199, 2200,
2199, 2198, 2201,
2202, 2203, 2204,
2205, 2204, 2203,
2206, 2207, 2208,
2207, 2206, 2209,
2210, 2211, 2212,
2213, 2212, 2211,
2214, 2215, 2216,
2215, 2214, 2217,
2218, 2219, 2220,
2221, 2220, 2219,
2222, 2223, 2224,
2223, 2222, 2225,
2226, 2227, 2228,
2229, 2228, 2227,
2230, 2231, 2232,
2231, 2230, 2233,
2234, 2235, 2236,
2237, 2236, 2235,
2238, 2239, 2240,
2239, 2238, 2241,
2242, 2243, 2244,
2245, 2244, 2243,
2246, 2247, 2248,
2247, 2246, 2249,
2250, 2251, 2252,
2253, 2252, 2251,
2254, 2255, 2256,
2255, 2254, 2257,
2258, 2259, 2260,
2261, 2260, 2259,
2262, 2263, 2264,
2263, 2262, 2265,
2266, 2267, 2268,
2269, 2268, 2267,
2270, 2271, 2272,
2271, 2270, 2273,
2274, 2275, 2276,
2277, 2276, 2275,
2278, 2279, 2280,
2279, 2278, 2281,
2282, 2283, 2284,
2285, 2284, 2283,
2286, 2287, 2288,
2287, 2286, 2289,
2290, 2291, 2292,
2293, 2292, 2291,
2294, 2295, 2296,
2295, 2294, 2297,
2298, 2299, 2300,
2301, 2300, 2299,
2302, 2303, 2304,
2303, 2302, 2305,
2306, 2307, 2308,
2309, 2308, 2307,
2310, 2311, 2312,
2311, 2310, 2313,
2314, 2315, 2316,
2317, 2316, 2315,
2318, 2319, 2320,
2319, 2318, 2321,
2322, 2323, 2324,
2325, 2324, 2323,
2326, 2327, 2328,
2327, 2326, 2329,
2330, 2331, 2332,
2333, 2332, 2331,
2334, 2335, 2336,
2335, 2334, 2337,
2338, 2339, 2340,
2341, 2340, 2339,
2342, 2343, 2344,
2343, 2342, 2345,
2346, 2347, 2348,
2349, 2348, 2347,
2350, 2351, 2352,
2351, 2350, 2353,
2354, 2355, 2356,
2357, 2356, 2355,
2358, 2359, 2360,
2359, 2358, 2361,
2362, 2363, 2364,
2365, 2364, 2363,
2366, 2367, 2368,
2367, 2366, 2369,
2370, 2371, 2372,
2373, 2372, 2371,
2374, 2375, 2376,
2375, 2374, 2377,
2378, 2379, 2380,
2381, 2380, 2379,
2382, 2383, 2384,
2383, 2382, 2385,
2386, 2387, 2388,
2389, 2388, 2387,
2390, 2391, 2392,
2391, 2390, 2393,
2394, 2395, 2396,
2397, 2396, 2395,
2398, 2399, 2400,
2399, 2398, 2401,
2402, 2403, 2404,
2405, 2404, 2403,
2406, 2407, 2408,
2407, 2406, 2409,
2410, 2411, 2412,
2413, 2412, 2411,
2414, 2415, 2416,
2415, 2414, 2417,
2418, 2419, 2420,
2421, 2420, 2419,
2422, 2423, 2424,
2423, 2422, 2425,
2426, 2427, 2428,
2429, 2428, 2427,
2430, 2431, 2432,
2431, 2430, 2433,
2434, 2435, 2436,
2437, 2436, 2435,
2438, 2439, 2440,
2439, 2438, 2441,
2442, 2443, 2444,
2445, 2444, 2443,
2446, 2447, 2448,
2447, 2446, 2449,
2450, 2451, 2452,
2453, 2452, 2451,
2454, 2455, 2456,
2455, 2454, 2457,
2458, 2459, 2460,
2461, 2460, 2459,
2462, 2463, 2464,
2463, 2462, 2465,
2466, 2467, 2468,
2469, 2468, 2467,
2470, 2471, 2472,
2471, 2470, 2473,
2474, 2475, 2476,
2477, 2476, 2475,
2478, 2479, 2480,
2479, 2478, 2481,
2482, 2483, 2484,
2485, 2484, 2483,
2486, 2487, 2488,
2487, 2486, 2489,
2490, 2491, 2492,
2493, 2492, 2491,
2494, 2495, 2496,
2495, 2494, 2497,
2498, 2499, 2500,
2501, 2500, 2499,
2502, 2503, 2504,
2503, 2502, 2505,
2506, 2507, 2508,
2509, 2508, 2507,
2510, 2511, 2512,
2511, 2510, 2513,
2514, 2515, 2516,
2517, 2516, 2515,
2518, 2519, 2520,
2519, 2518, 2521,
2522, 2523, 2524,
2525, 2524, 2523,
2526, 2527, 2528,
2527, 2526, 2529,
2530, 2531, 2532,
2533, 2532, 2531,
2534, 2535, 2536,
2535, 2534, 2537,
2542, 2543, 2544,
2545, 2544, 2543,
2546, 2547, 2548,
2547, 2546, 2549,
2554, 2555, 2556,
2557, 2556, 2555,
2558, 2559, 2560,
2559, 2558, 2561,
2566, 2567, 2568,
2567, 2566, 2569,
2574, 2575, 2576,
2575, 2574, 2577,
2582, 2583, 2584,
2583, 2582, 2585,
2590, 2591, 2592,
2593, 2592, 2591,
2598, 2599, 2600,
2601, 2600, 2599,
2606, 2607, 2608,
2609, 2608, 2607,
2614, 2615, 2616,
2617, 2616, 2615,
2618, 2619, 2620,
2619, 2618, 2621,
2626, 2627, 2628,
2629, 2628, 2627,
2630, 2631, 2632,
2631, 2630, 2633,
2638, 2639, 2640,
2641, 2640, 2639,
2642, 2643, 2644,
2643, 2642, 2645,
2650, 2651, 2652,
2653, 2652, 2651,
2654, 2655, 2656,
2655, 2654, 2657,
2662, 2663, 2664,
2665, 2664, 2663,
2666, 2667, 2668,
2667, 2666, 2669,
2674, 2675, 2676,
2677, 2676, 2675,
2678, 2679, 2680,
2679, 2678, 2681,
2686, 2687, 2688,
2687, 2686, 2689,
2694, 2695, 2696,
2695, 2694, 2697,
2702, 2703, 2704,
2703, 2702, 2705,
2710, 2711, 2712,
2711, 2710, 2713,
2718, 2719, 2720,
2721, 2720, 2719,
2726, 2727, 2728,
2729, 2728, 2727,
2734, 2735, 2736,
2737, 2736, 2735,
2742, 2743, 2744,
2745, 2744, 2743,
2750, 2751, 2752,
2753, 2752, 2751,
2754, 2755, 2756,
2755, 2754, 2757,
2762, 2763, 2764,
2763, 2762, 2765,
2770, 2771, 2772,
2771, 2770, 2773,
2778, 2779, 2780,
2779, 2778, 2781,
2786, 2787, 2788,
2787, 2786, 2789,
2794, 2795, 2796,
2797, 2796, 2795,
2802, 2803, 2804,
2805, 2804, 2803,
2810, 2811, 2812,
2813, 2812, 2811,
2818, 2819, 2820,
2821, 2820, 2819,
2826, 2827, 2828,
2829, 2828, 2827,
2830, 2831, 2832,
2831, 2830, 2833,
2834, 2835, 2836,
2837, 2836, 2835,
2838, 2839, 2840,
2839, 2838, 2841,
2842, 2843, 2844,
2845, 2844, 2843,
2846, 2847, 2848,
2847, 2846, 2849,
2850, 2851, 2852,
2853, 2852, 2851,
2854, 2855, 2856,
2855, 2854, 2857,
2858, 2859, 2860,
2861, 2860, 2859,
2862, 2863, 2864,
2863, 2862, 2865,
2866, 2867, 2868,
2869, 2868, 2867,
2870, 2871, 2872,
2871, 2870, 2873,
2874, 2875, 2876,
2877, 2876, 2875,
2878, 2879, 2880,
2879, 2878, 2881,
2882, 2883, 2884,
2885, 2884, 2883,
2886, 2887, 2888,
2887, 2886, 2889,
2890, 2891, 2892,
2893, 2892, 2891,
2894, 2895, 2896,
2895, 2894, 2897,
2898, 2899, 2900,
2901, 2900, 2899,
2902, 2903, 2904,
2903, 2902, 2905,
2906, 2907, 2908,
2909, 2908, 2907,
2910, 2911, 2912,
2911, 2910, 2913,
2914, 2915, 2916,
2917, 2916, 2915,
2918, 2919, 2920,
2919, 2918, 2921,
2922, 2923, 2924,
2925, 2924, 2923,
2926, 2927, 2928,
2927, 2926, 2929,
2930, 2931, 2932,
2933, 2932, 2931,
2934, 2935, 2936,
2935, 2934, 2937,
2938, 2939, 2940,
2941, 2940, 2939,
2942, 2943, 2944,
2943, 2942, 2945,
2946, 2947, 2948,
2949, 2948, 2947,
2950, 2951, 2952,
2951, 2950, 2953,
2954, 2955, 2956,
2957, 2956, 2955,
2958, 2959, 2960,
2959, 2958, 2961,
2962, 2963, 2964,
2965, 2964, 2963,
2966, 2967, 2968,
2967, 2966, 2969,
2970, 2971, 2972,
2973, 2972, 2971,
2974, 2975, 2976,
2975, 2974, 2977,
2978, 2979, 2980,
2981, 2980, 2979,
2982, 2983, 2984,
2983, 2982, 2985,
2986, 2987, 2988,
2989, 2988, 2987,
2990, 2991, 2992,
2991, 2990, 2993,
2994, 2995, 2996,
2997, 2996, 2995,
2998, 2999, 3000,
2999, 2998, 3001,
3002, 3003, 3004,
3005, 3004, 3003,
3006, 3007, 3008,
3007, 3006, 3009,
3010, 3011, 3012,
3013, 3012, 3011,
3014, 3015, 3016,
3015, 3014, 3017,
3018, 3019, 3020,
3021, 3020, 3019,
3022, 3023, 3024,
3023, 3022, 3025,
3026, 3027, 3028,
3029, 3028, 3027,
3030, 3031, 3032,
3031, 3030, 3033,
3038, 3039, 3040,
3041, 3040, 3039,
3042, 3043, 3044,
3043, 3042, 3045,
3050, 3051, 3052,
3051, 3050, 3053,
3058, 3059, 3060,
3059, 3058, 3061,
3066, 3067, 3068,
3067, 3066, 3069,
3074, 3075, 3076,
3075, 3074, 3077,
3082, 3083, 3084,
3085, 3084, 3083,
3090, 3091, 3092,
3093, 3092, 3091,
3098, 3099, 3100,
3101, 3100, 3099,
3106, 3107, 3108,
3109, 3108, 3107,
3114, 3115, 3116,
3117, 3116, 3115,
3118, 3119, 3120,
3119, 3118, 3121,
3126, 3127, 3128,
3129, 3128, 3127,
3130, 3131, 3132,
3131, 3130, 3133,
3138, 3139, 3140,
3139, 3138, 3141,
3146, 3147, 3148,
3147, 3146, 3149,
3154, 3155, 3156,
3155, 3154, 3157,
3162, 3163, 3164,
3163, 3162, 3165,
3170, 3171, 3172,
3173, 3172, 3171,
3178, 3179, 3180,
3181, 3180, 3179,
3186, 3187, 3188,
3189, 3188, 3187,
3194, 3195, 3196,
3197, 3196, 3195,
3202, 3203, 3204,
3205, 3204, 3203,
3206, 3207, 3208,
3207, 3206, 3209,
3214, 3215, 3216,
3217, 3216, 3215,
3218, 3219, 3220,
3219, 3218, 3221,
3226, 3227, 3228,
3229, 3228, 3227,
3230, 3231, 3232,
3231, 3230, 3233,
3238, 3239, 3240,
3239, 3238, 3241,
3246, 3247, 3248,
3247, 3246, 3249,
3254, 3255, 3256,
3255, 3254, 3257,
3262, 3263, 3264,
3263, 3262, 3265,
3270, 3271, 3272,
3273, 3272, 3271,
3278, 3279, 3280,
3281, 3280, 3279,
3286, 3287, 3288,
3289, 3288, 3287,
3294, 3295, 3296,
3297, 3296, 3295,
3302, 3303, 3304,
3305, 3304, 3303,
3306, 3307, 3308,
3307, 3306, 3309,
3314, 3315, 3316,
3317, 3316, 3315,
3318, 3319, 3320,
3319, 3318, 3321,
3326, 3327, 3328,
3329, 3328, 3327,
3330, 3331, 3332,
3331, 3330, 3333,
3338, 3339, 3340,
3339, 3338, 3341,
3346, 3347, 3348,
3347, 3346, 3349,
3354, 3355, 3356,
3355, 3354, 3357,
3362, 3363, 3364,
3363, 3362, 3365,
3370, 3371, 3372,
3373, 3372, 3371,
3378, 3379, 3380,
3381, 3380, 3379,
3386, 3387, 3388,
3389, 3388, 3387,
3394, 3395, 3396,
3397, 3396, 3395,
3402, 3403, 3404,
3405, 3404, 3403,
3406, 3407, 3408,
3407, 3406, 3409,
3414, 3415, 3416,
3417, 3416, 3415,
3418, 3419, 3420,
3419, 3418, 3421,
3426, 3427, 3428,
3429, 3428, 3427,
3430, 3431, 3432,
3431, 3430, 3433,
3438, 3439, 3440,
3441, 3440, 3439,
3442, 3443, 3444,
3443, 3442, 3445,
3450, 3451, 3452,
3451, 3450, 3453,
3458, 3459, 3460,
3459, 3458, 3461,
3466, 3467, 3468,
3467, 3466, 3469,
3474, 3475, 3476,
3475, 3474, 3477,
3482, 3483, 3484,
3485, 3484, 3483,
3490, 3491, 3492,
3493, 3492, 3491,
3498, 3499, 3500,
3501, 3500, 3499,
3506, 3507, 3508,
3509, 3508, 3507,
3514, 3515, 3516,
3517, 3516, 3515,
3518, 3519, 3520,
3519, 3518, 3521,
3526, 3527, 3528,
3527, 3526, 3529,
3534, 3535, 3536,
3535, 3534, 3537,
3542, 3543, 3544,
3543, 3542, 3545,
3550, 3551, 3552,
3551, 3550, 3553,
3558, 3559, 3560,
3561, 3560, 3559,
3566, 3567, 3568,
3569, 3568, 3567,
3574, 3575, 3576,
3577, 3576, 3575,
3582, 3583, 3584,
3585, 3584, 3583,
3590, 3591, 3592,
3593, 3592, 3591,
3594, 3595, 3596,
3595, 3594, 3597,
3602, 3603, 3604,
3603, 3602, 3605,
3610, 3611, 3612,
3611, 3610, 3613,
3618, 3619, 3620,
3619, 3618, 3621,
3626, 3627, 3628,
3627, 3626, 3629,
3634, 3635, 3636,
3637, 3636, 3635,
3642, 3643, 3644,
3645, 3644, 3643,
3650, 3651, 3652,
3653, 3652, 3651,
3658, 3659, 3660,
3661, 3660, 3659,
3666, 3667, 3668,
3669, 3668, 3667,
3670, 3671, 3672,
3671, 3670, 3673,
3678, 3679, 3680,
3681, 3680, 3679,
3682, 3683, 3684,
3683, 3682, 3685,
3690, 3691, 3692,
3693, 3692, 3691,
3694, 3695, 3696,
3695, 3694, 3697,
3702, 3703, 3704,
3703, 3702, 3705,
3710, 3711, 3712,
3711, 3710, 3713,
3718, 3719, 3720,
3719, 3718, 3721,
3726, 3727, 3728,
3727, 3726, 3729,
3734, 3735, 3736,
3737, 3736, 3735,
3742, 3743, 3744,
3745, 3744, 3743,
3750, 3751, 3752,
3753, 3752, 3751,
3758, 3759, 3760,
3761, 3760, 3759,
3766, 3767, 3768,
3769, 3768, 3767,
3770, 3771, 3772,
3771, 3770, 3773,
3778, 3779, 3780,
3781, 3780, 3779,
3782, 3783, 3784,
3783, 3782, 3785,
3790, 3791, 3792,
3791, 3790, 3793,
3798, 3799, 3800,
3799, 3798, 3801,
3806, 3807, 3808,
3807, 3806, 3809,
3814, 3815, 3816,
3815, 3814, 3817,
3822, 3823, 3824,
3825, 3824, 3823,
3830, 3831, 3832,
3833, 3832, 3831,
3838, 3839, 3840,
3841, 3840, 3839,
3846, 3847, 3848,
3849, 3848, 3847,
3854, 3855, 3856,
3857, 3856, 3855,
3858, 3859, 3860,
3859, 3858, 3861,
3866, 3867, 3868,
3869, 3868, 3867,
3870, 3871, 3872,
3871, 3870, 3873,
3878, 3879, 3880,
3881, 3880, 3879,
3882, 3883, 3884,
3883, 3882, 3885,
3890, 3891, 3892,
3893, 3892, 3891,
3894, 3895, 3896,
3895, 3894, 3897,
3902, 3903, 3904,
3905, 3904, 3903,
3906, 3907, 3908,
3907, 3906, 3909,
3914, 3915, 3916,
3917, 3916, 3915,
3918, 3919, 3920,
3919, 3918, 3921,
3926, 3927, 3928,
3929, 3928, 3927,
3930, 3931, 3932,
3931, 3930, 3933,
3938, 3939, 3940,
3939, 3938, 3941,
3946, 3947, 3948,
3947, 3946, 3949,
3954, 3955, 3956,
3955, 3954, 3957,
3962, 3963, 3964,
3963, 3962, 3965,
3970, 3971, 3972,
3973, 3972, 3971,
3978, 3979, 3980,
3981, 3980, 3979,
3986, 3987, 3988,
3989, 3988, 3987,
3994, 3995, 3996,
3997, 3996, 3995,
4002, 4003, 4004,
4005, 4004, 4003,
4006, 4007, 4008,
4007, 4006, 4009,
4014, 4015, 4016,
4015, 4014, 4017,
4022, 4023, 4024,
4023, 4022, 4025,
4030, 4031, 4032,
4031, 4030, 4033,
4038, 4039, 4040,
4039, 4038, 4041,
4046, 4047, 4048,
4049, 4048, 4047,
4054, 4055, 4056,
4057, 4056, 4055,
4062, 4063, 4064,
4065, 4064, 4063,
4070, 4071, 4072,
4073, 4072, 4071,
4078, 4079, 4080,
4081, 4080, 4079,
4082, 4083, 4084,
4083, 4082, 4085,
4090, 4091, 4092,
4091, 4090, 4093,
4098, 4099, 4100,
4099, 4098, 4101,
4106, 4107, 4108,
4107, 4106, 4109,
4114, 4115, 4116,
4115, 4114, 4117,
4122, 4123, 4124,
4125, 4124, 4123,
4130, 4131, 4132,
4133, 4132, 4131,
4138, 4139, 4140,
4141, 4140, 4139,
4146, 4147, 4148,
4149, 4148, 4147,
4154, 4155, 4156,
4157, 4156, 4155,
4158, 4159, 4160,
4159, 4158, 4161,
4166, 4167, 4168,
4169, 4168, 4167,
4170, 4171, 4172,
4171, 4170, 4173,
4178, 4179, 4180,
4181, 4180, 4179,
4182, 4183, 4184,
4183, 4182, 4185,
4190, 4191, 4192,
4191, 4190, 4193,
4198, 4199, 4200,
4199, 4198, 4201,
4206, 4207, 4208,
4207, 4206, 4209,
4214, 4215, 4216,
4215, 4214, 4217,
4222, 4223, 4224,
4225, 4224, 4223,
4230, 4231, 4232,
4233, 4232, 4231,
4238, 4239, 4240,
4241, 4240, 4239,
4246, 4247, 4248,
4249, 4248, 4247,
4254, 4255, 4256,
4257, 4256, 4255,
4258, 4259, 4260,
4259, 4258, 4261,
4266, 4267, 4268,
4269, 4268, 4267,
4270, 4271, 4272,
4271, 4270, 4273,
4278, 4279, 4280,
4281, 4280, 4279,
4282, 4283, 4284,
4283, 4282, 4285,
4290, 4291, 4292,
4293, 4292, 4291,
4294, 4295, 4296,
4295, 4294, 4297,
4302, 4303, 4304,
4305, 4304, 4303,
4306, 4307, 4308,
4307, 4306, 4309,
4314, 4315, 4316,
4317, 4316, 4315,
4318, 4319, 4320,
4319, 4318, 4321,
4320, 4319, 4322,
4319, 4321, 4323,
4323, 4321, 4324,
4323, 4324, 4325,
4325, 4324, 4326,
4326, 4324, 4327,
4324, 4321, 4328,
4328, 4321, 4329,
4328, 4329, 4330,
4330, 4329, 4331,
4331, 4329, 4332,
4329, 4321, 4333,
4333, 4321, 4334,
4334, 4321, 4335,
4335, 4321, 4336,
4322, 4337, 4320,
4337, 4322, 4327,
4337, 4327, 4338,
4338, 4327, 4339,
4339, 4327, 4324,
4339, 4324, 4340,
4337, 4338, 4332,
4337, 4332, 4341,
4341, 4332, 4329,
4341, 4329, 4342,
4341, 4342, 4343,
4337, 4341, 4336,
4337, 4336, 4321,
4334, 4343, 4342,
4343, 4334, 4335,
4330, 4339, 4340,
4339, 4330, 4331,
4319, 4344, 4322,
4344, 4319, 4345,
4344, 4345, 4325,
4344, 4325, 4326,
4374, 4375, 4376,
4375, 4377, 4376,
4377, 4378, 4376,
4379, 4376, 4378,
4380, 4381, 4382,
4383, 4382, 4381,
4384, 4385, 4386,
4387, 4386, 4385,
4388, 4389, 4390,
4389, 4391, 4390,
4386, 4387, 4391,
4387, 4392, 4391,
4392, 4393, 4391,
4391, 4393, 4390,
4393, 4394, 4390,
4383, 4395, 4382,
4395, 4396, 4382,
4382, 4396, 4394,
4394, 4396, 4390,
4396, 4379, 4390,
4397, 4390, 4379,
4389, 4388, 4384,
4384, 4388, 4385,
4385, 4388, 4398,
4398, 4388, 4392,
4393, 4392, 4380,
4380, 4392, 4381,
4381, 4392, 4399,
4392, 4388, 4399,
4399, 4388, 4395,
4396, 4395, 4374,
4374, 4395, 4375,
4375, 4395, 4400,
4395, 4388, 4400,
4400, 4388, 4378,
4379, 4378, 4397,
4388, 4401, 4378,
4397, 4378, 4401,
4402, 4403, 4404,
4403, 4402, 4405,
4410, 4411, 4412,
4411, 4410, 4413,
4418, 4419, 4420,
4419, 4418, 4421,
4426, 4427, 4428,
4427, 4426, 4429,
4434, 4435, 4436,
4437, 4436, 4435,
4442, 4443, 4444,
4445, 4444, 4443,
4450, 4451, 4452,
4453, 4452, 4451,
4458, 4459, 4460,
4461, 4460, 4459,
4462, 4463, 4464,
4463, 4462, 4465,
4470, 4471, 4472,
4471, 4470, 4473,
4478, 4479, 4480,
4479, 4478, 4481,
4486, 4487, 4488,
4487, 4486, 4489,
4494, 4495, 4496,
4497, 4496, 4495,
4502, 4503, 4504,
4505, 4504, 4503,
4510, 4511, 4512,
4513, 4512, 4511,
4518, 4519, 4520,
4521, 4520, 4519,
4522, 4523, 4524,
4523, 4522, 4525,
4530, 4531, 4532,
4531, 4530, 4533,
4538, 4539, 4540,
4539, 4538, 4541,
4546, 4547, 4548,
4547, 4546, 4549,
4554, 4555, 4556,
4557, 4556, 4555,
4562, 4563, 4564,
4565, 4564, 4563,
4570, 4571, 4572,
4573, 4572, 4571,
4578, 4579, 4580,
4581, 4580, 4579,
4582, 4583, 4584,
4583, 4582, 4585,
4590, 4591, 4592,
4591, 4590, 4593,
4598, 4599, 4600,
4599, 4598, 4601,
4606, 4607, 4608,
4607, 4606, 4609,
4614, 4615, 4616,
4617, 4616, 4615,
4622, 4623, 4624,
4625, 4624, 4623,
4630, 4631, 4632,
4633, 4632, 4631,
4638, 4639, 4640,
4641, 4640, 4639,
4642, 4643, 4644,
4643, 4642, 4645,
4645, 4642, 4646,
4645, 4646, 4647,
4648, 4644, 4649,
4644, 4648, 4650,
4644, 4650, 4651,
4651, 4650, 4652,
4651, 4652, 4646,
4646, 4652, 4647,
4647, 4652, 4653,
4652, 4650, 4654,
4654, 4650, 4655,
4654, 4655, 4656,
4656, 4655, 4657,
4657, 4655, 4658,
4655, 4650, 4659,
4659, 4650, 4660,
4660, 4650, 4661,
4661, 4650, 4662,
4649, 4643, 4663,
4643, 4649, 4644,
4663, 4643, 4664,
4663, 4664, 4653,
4653, 4664, 4647,
4663, 4653, 4665,
4663, 4665, 4666,
4666, 4665, 4657,
4666, 4657, 4667,
4667, 4657, 4658,
4663, 4666, 4662,
4663, 4662, 4650,
4660, 4667, 4658,
4667, 4660, 4661,
4652, 4668, 4653,
4668, 4652, 4669,
4668, 4669, 4656,
4668, 4656, 4657,
4698, 4699, 4700,
4699, 4701, 4700,
4701, 4702, 4700,
4703, 4700, 4702,
4704, 4705, 4706,
4707, 4706, 4705,
4708, 4709, 4710,
4709, 4711, 4710,
4707, 4698, 4706,
4706, 4698, 4711,
4698, 4712, 4711,
4711, 4712, 4710,
4712, 4703, 4710,
4713, 4714, 4703,
4703, 4714, 4710,
4714, 4715, 4710,
4716, 4717, 4715,
4710, 4715, 4717,
4709, 4708, 4704,
4704, 4708, 4705,
4705, 4708, 4718,
4718, 4708, 4719,
4707, 4719, 4698,
4698, 4719, 4699,
4699, 4719, 4720,
4719, 4708, 4720,
4720, 4708, 4702,
4703, 4702, 4713,
4713, 4702, 4721,
4721, 4702, 4722,
4702, 4708, 4722,
4722, 4708, 4716,
4708, 4723, 4716,
4717, 4716, 4723,
4713, 4721, 4724,
4721, 4725, 4724,
4724, 4725, 4715,
4716, 4715, 4725,
4726, 4727, 4728,
4727, 4726, 4729,
4734, 4735, 4736,
4735, 4734, 4737,
4742, 4743, 4744,
4743, 4742, 4745,
4750, 4751, 4752,
4751, 4750, 4753,
4758, 4759, 4760,
4761, 4760, 4759,
4766, 4767, 4768,
4769, 4768, 4767,
4774, 4775, 4776,
4777, 4776, 4775,
4782, 4783, 4784,
4785, 4784, 4783,
4786, 4787, 4788,
4787, 4786, 4789,
4794, 4795, 4796,
4795, 4794, 4797,
4802, 4803, 4804,
4803, 4802, 4805,
4810, 4811, 4812,
4811, 4810, 4813,
4818, 4819, 4820,
4821, 4820, 4819,
4826, 4827, 4828,
4829, 4828, 4827,
4834, 4835, 4836,
4837, 4836, 4835,
4842, 4843, 4844,
4845, 4844, 4843,
4846, 4847, 4848,
4847, 4846, 4849,
4854, 4855, 4856,
4855, 4854, 4857,
4862, 4863, 4864,
4863, 4862, 4865,
4870, 4871, 4872,
4871, 4870, 4873,
4878, 4879, 4880,
4881, 4880, 4879,
4886, 4887, 4888,
4889, 4888, 4887,
4894, 4895, 4896,
4897, 4896, 4895,
4902, 4903, 4904,
4905, 4904, 4903,
4906, 4907, 4908,
4907, 4906, 4909,
4914, 4915, 4916,
4915, 4914, 4917,
4922, 4923, 4924,
4923, 4922, 4925,
4930, 4931, 4932,
4931, 4930, 4933,
4938, 4939, 4940,
4941, 4940, 4939,
4946, 4947, 4948,
4949, 4948, 4947,
4954, 4955, 4956,
4957, 4956, 4955,
4962, 4963, 4964,
4965, 4964, 4963,
4966, 4967, 4968,
4967, 4966, 4969,
4967, 4969, 4970,
4970, 4969, 4971,
4970, 4971, 4972,
4972, 4971, 4973,
4973, 4971, 4974,
4974, 4971, 4975,
4975, 4971, 4976,
4971, 4969, 4977,
4977, 4969, 4978,
4978, 4969, 4979,
4979, 4969, 4980,
4980, 4969, 4981,
4981, 4969, 4982,
4968, 4983, 4984,
4983, 4968, 4967,
4983, 4967, 4985,
4983, 4985, 4986,
4983, 4986, 4987,
4983, 4987, 4988,
4984, 4983, 4976,
4984, 4976, 4989,
4989, 4976, 4971,
4989, 4971, 4990,
4989, 4990, 4991,
4989, 4991, 4992,
4989, 4992, 4993,
4984, 4989, 4982,
4984, 4982, 4969,
4980, 4993, 4992,
4993, 4980, 4981,
4978, 4991, 4990,
4991, 4978, 4979,
4974, 4988, 4987,
4988, 4974, 4975,
4972, 4986, 4985,
4986, 4972, 4973,
5022, 5023, 5024,
5025, 5024, 5023,
5026, 5027, 5028,
5029, 5028, 5027,
5030, 5031, 5032,
5033, 5032, 5031,
5034, 5035, 5036,
5037, 5036, 5035,
5038, 5039, 5040,
5039, 5041, 5040,
5036, 5037, 5041,
5037, 5032, 5041,
5032, 5033, 5041,
5033, 5042, 5041,
5042, 5043, 5041,
5041, 5043, 5040,
5043, 5044, 5040,
5028, 5029, 5044,
5029, 5024, 5044,
5024, 5025, 5044,
5025, 5045, 5044,
5045, 5046, 5044,
5040, 5044, 5046,
5039, 5038, 5034,
5034, 5038, 5035,
5035, 5038, 5030,
5030, 5038, 5031,
5031, 5038, 5047,
5047, 5038, 5042,
5043, 5042, 5026,
5026, 5042, 5027,
5027, 5042, 5022,
5022, 5042, 5023,
5023, 5042, 5048,
5042, 5038, 5048,
5048, 5038, 5045,
5038, 5049, 5045,
5046, 5045, 5049,
5050, 5051, 5052,
5051, 5050, 5053,
5058, 5059, 5060,
5059, 5058, 5061,
5066, 5067, 5068,
5067, 5066, 5069,
5074, 5075, 5076,
5075, 5074, 5077,
5082, 5083, 5084,
5085, 5084, 5083,
5090, 5091, 5092,
5093, 5092, 5091,
5098, 5099, 5100,
5101, 5100, 5099,
5106, 5107, 5108,
5109, 5108, 5107,
5110, 5111, 5112,
5111, 5110, 5113,
5118, 5119, 5120,
5119, 5118, 5121,
5126, 5127, 5128,
5127, 5126, 5129,
5134, 5135, 5136,
5135, 5134, 5137,
5142, 5143, 5144,
5145, 5144, 5143,
5150, 5151, 5152,
5153, 5152, 5151,
5158, 5159, 5160,
5161, 5160, 5159,
5166, 5167, 5168,
5169, 5168, 5167,
5170, 5171, 5172,
5171, 5170, 5173,
5178, 5179, 5180,
5179, 5178, 5181,
5186, 5187, 5188,
5187, 5186, 5189,
5194, 5195, 5196,
5195, 5194, 5197,
5202, 5203, 5204,
5205, 5204, 5203,
5210, 5211, 5212,
5213, 5212, 5211,
5218, 5219, 5220,
5221, 5220, 5219,
5226, 5227, 5228,
5229, 5228, 5227,
5230, 5231, 5232,
5231, 5230, 5233,
5238, 5239, 5240,
5239, 5238, 5241,
5246, 5247, 5248,
5247, 5246, 5249,
5254, 5255, 5256,
5255, 5254, 5257,
5262, 5263, 5264,
5265, 5264, 5263,
5270, 5271, 5272,
5273, 5272, 5271,
5278, 5279, 5280,
5281, 5280, 5279,
5286, 5287, 5288,
5289, 5288, 5287,
5290, 5291, 5292,
5291, 5290, 5293,
5291, 5293, 5294,
5294, 5293, 5295,
5294, 5295, 5296,
5296, 5295, 5297,
5297, 5295, 5298,
5298, 5295, 5299,
5299, 5295, 5300,
5295, 5293, 5301,
5301, 5293, 5302,
5302, 5293, 5303,
5303, 5293, 5304,
5304, 5293, 5305,
5305, 5293, 5306,
5292, 5307, 5308,
5307, 5292, 5291,
5307, 5291, 5309,
5307, 5309, 5310,
5307, 5310, 5311,
5307, 5311, 5312,
5308, 5307, 5300,
5308, 5300, 5313,
5313, 5300, 5295,
5313, 5295, 5314,
5313, 5314, 5315,
5313, 5315, 5316,
5313, 5316, 5317,
5308, 5313, 5306,
5308, 5306, 5293,
5304, 5317, 5316,
5317, 5304, 5305,
5302, 5315, 5314,
5315, 5302, 5303,
5298, 5312, 5311,
5312, 5298, 5299,
5296, 5310, 5309,
5310, 5296, 5297,
5346, 5347, 5348,
5349, 5348, 5347,
5350, 5351, 5352,
5353, 5352, 5351,
5354, 5355, 5356,
5357, 5356, 5355,
5358, 5359, 5360,
5361, 5360, 5359,
5362, 5363, 5364,
5363, 5365, 5364,
5360, 5361, 5365,
5361, 5356, 5365,
5356, 5357, 5365,
5357, 5366, 5365,
5366, 5367, 5365,
5365, 5367, 5364,
5367, 5368, 5364,
5352, 5353, 5368,
5353, 5348, 5368,
5348, 5349, 5368,
5349, 5369, 5368,
5369, 5370, 5368,
5364, 5368, 5370,
5363, 5362, 5358,
5358, 5362, 5359,
5359, 5362, 5354,
5354, 5362, 5355,
5355, 5362, 5371,
5371, 5362, 5366,
5367, 5366, 5350,
5350, 5366, 5351,
5351, 5366, 5346,
5346, 5366, 5347,
5347, 5366, 5372,
5366, 5362, 5372,
5372, 5362, 5369,
5362, 5373, 5369,
5370, 5369, 5373,
5374, 5375, 5376,
5375, 5374, 5377,
5382, 5383, 5384,
5383, 5382, 5385,
5390, 5391, 5392,
5391, 5390, 5393,
5398, 5399, 5400,
5399, 5398, 5401,
5406, 5407, 5408,
5409, 5408, 5407,
5414, 5415, 5416,
5417, 5416, 5415,
5422, 5423, 5424,
5425, 5424, 5423,
5430, 5431, 5432,
5433, 5432, 5431,
5434, 5435, 5436,
5435, 5434, 5437,
5442, 5443, 5444,
5443, 5442, 5445,
5450, 5451, 5452,
5451, 5450, 5453,
5458, 5459, 5460,
5459, 5458, 5461,
5466, 5467, 5468,
5469, 5468, 5467,
5474, 5475, 5476,
5477, 5476, 5475,
5482, 5483, 5484,
5485, 5484, 5483,
5490, 5491, 5492,
5493, 5492, 5491,
5494, 5495, 5496,
5495, 5494, 5497,
5502, 5503, 5504,
5503, 5502, 5505,
5510, 5511, 5512,
5511, 5510, 5513,
5518, 5519, 5520,
5519, 5518, 5521,
5526, 5527, 5528,
5529, 5528, 5527,
5534, 5535, 5536,
5537, 5536, 5535,
5542, 5543, 5544,
5545, 5544, 5543,
5550, 5551, 5552,
5553, 5552, 5551,
5554, 5555, 5556,
5555, 5554, 5557,
5562, 5563, 5564,
5563, 5562, 5565,
5570, 5571, 5572,
5571, 5570, 5573,
5578, 5579, 5580,
5579, 5578, 5581,
5586, 5587, 5588,
5589, 5588, 5587,
5594, 5595, 5596,
5597, 5596, 5595,
5602, 5603, 5604,
5605, 5604, 5603,
5610, 5611, 5612,
5613, 5612, 5611,
5614, 5615, 5616,
5615, 5614, 5617,
5615, 5617, 5618,
5618, 5617, 5619,
5618, 5619, 5620,
5620, 5619, 5621,
5621, 5619, 5622,
5619, 5617, 5623,
5623, 5617, 5624,
5623, 5624, 5625,
5625, 5624, 5626,
5626, 5624, 5627,
5624, 5617, 5628,
5628, 5617, 5629,
5629, 5617, 5630,
5630, 5617, 5631,
5616, 5632, 5633,
5632, 5616, 5615,
5632, 5615, 5634,
5632, 5634, 5635,
5633, 5632, 5622,
5633, 5622, 5636,
5636, 5622, 5619,
5636, 5619, 5637,
5636, 5637, 5638,
5633, 5636, 5627,
5633, 5627, 5639,
5639, 5627, 5624,
5639, 5624, 5640,
5639, 5640, 5641,
5633, 5639, 5631,
5633, 5631, 5617,
5629, 5641, 5640,
5641, 5629, 5630,
5625, 5638, 5637,
5638, 5625, 5626,
5620, 5635, 5634,
5635, 5620, 5621,
5670, 5671, 5672,
5673, 5672, 5671,
5674, 5675, 5676,
5677, 5676, 5675,
5678, 5679, 5680,
5681, 5680, 5679,
5682, 5683, 5684,
5683, 5685, 5684,
5680, 5681, 5685,
5681, 5686, 5685,
5686, 5687, 5685,
5685, 5687, 5684,
5687, 5688, 5684,
5676, 5677, 5688,
5677, 5689, 5688,
5689, 5690, 5688,
5688, 5690, 5684,
5690, 5691, 5684,
5672, 5673, 5691,
5673, 5692, 5691,
5692, 5693, 5691,
5684, 5691, 5693,
5683, 5682, 5678,
5678, 5682, 5679,
5679, 5682, 5694,
5694, 5682, 5686,
5687, 5686, 5674,
5674, 5686, 5675,
5675, 5686, 5695,
5686, 5682, 5695,
5695, 5682, 5689,
5690, 5689, 5670,
5670, 5689, 5671,
5671, 5689, 5696,
5689, 5682, 5696,
5696, 5682, 5692,
5682, 5697, 5692,
5693, 5692, 5697,
5698, 5699, 5700,
5699, 5698, 5701,
5706, 5707, 5708,
5707, 5706, 5709,
5714, 5715, 5716,
5715, 5714, 5717,
5722, 5723, 5724,
5723, 5722, 5725,
5730, 5731, 5732,
5733, 5732, 5731,
5738, 5739, 5740,
5741, 5740, 5739,
5746, 5747, 5748,
5749, 5748, 5747,
5754, 5755, 5756,
5757, 5756, 5755,
5758, 5759, 5760,
5759, 5758, 5761,
5766, 5767, 5768,
5767, 5766, 5769,
5774, 5775, 5776,
5775, 5774, 5777,
5782, 5783, 5784,
5783, 5782, 5785,
5790, 5791, 5792,
5793, 5792, 5791,
5798, 5799, 5800,
5801, 5800, 5799,
5806, 5807, 5808,
5809, 5808, 5807,
5814, 5815, 5816,
5817, 5816, 5815,
5818, 5819, 5820,
5819, 5818, 5821,
5826, 5827, 5828,
5827, 5826, 5829,
5834, 5835, 5836,
5835, 5834, 5837,
5842, 5843, 5844,
5843, 5842, 5845,
5850, 5851, 5852,
5853, 5852, 5851,
5858, 5859, 5860,
5861, 5860, 5859,
5866, 5867, 5868,
5869, 5868, 5867,
5874, 5875, 5876,
5877, 5876, 5875,
5878, 5879, 5880,
5879, 5878, 5881,
5886, 5887, 5888,
5887, 5886, 5889,
5894, 5895, 5896,
5895, 5894, 5897,
5902, 5903, 5904,
5903, 5902, 5905,
5910, 5911, 5912,
5913, 5912, 5911,
5918, 5919, 5920,
5921, 5920, 5919,
5926, 5927, 5928,
5929, 5928, 5927,
5934, 5935, 5936,
5937, 5936, 5935,
5938, 5939, 5940,
5939, 5938, 5941,
5939, 5941, 5942,
5942, 5941, 5943,
5942, 5943, 5944,
5944, 5943, 5945,
5945, 5943, 5946,
5943, 5941, 5947,
5947, 5941, 5948,
5947, 5948, 5949,
5949, 5948, 5950,
5950, 5948, 5951,
5948, 5941, 5952,
5952, 5941, 5953,
5953, 5941, 5954,
5954, 5941, 5955,
5940, 5956, 5957,
5956, 5940, 5939,
5956, 5939, 5958,
5956, 5958, 5959,
5957, 5956, 5946,
5957, 5946, 5960,
5960, 5946, 5943,
5960, 5943, 5961,
5960, 5961, 5962,
5957, 5960, 5951,
5957, 5951, 5963,
5963, 5951, 5948,
5963, 5948, 5964,
5963, 5964, 5965,
5957, 5963, 5955,
5957, 5955, 5941,
5953, 5965, 5964,
5965, 5953, 5954,
5949, 5962, 5961,
5962, 5949, 5950,
5944, 5959, 5958,
5959, 5944, 5945,
5994, 5995, 5996,
5997, 5996, 5995,
5998, 5999, 6000,
6001, 6000, 5999,
6002, 6003, 6004,
6005, 6004, 6003,
6006, 6007, 6008,
6007, 6009, 6008,
6004, 6005, 6009,
6005, 6010, 6009,
6010, 6011, 6009,
6009, 6011, 6008,
6011, 6012, 6008,
6000, 6001, 6012,
6001, 6013, 6012,
6013, 6014, 6012,
6012, 6014, 6008,
6014, 6015, 6008,
5996, 5997, 6015,
5997, 6016, 6015,
6016, 6017, 6015,
6008, 6015, 6017,
6007, 6006, 6002,
6002, 6006, 6003,
6003, 6006, 6018,
6018, 6006, 6010,
6011, 6010, 5998,
5998, 6010, 5999,
5999, 6010, 6019,
6010, 6006, 6019,
6019, 6006, 6013,
6014, 6013, 5994,
5994, 6013, 5995,
5995, 6013, 6020,
6013, 6006, 6020,
6020, 6006, 6016,
6006, 6021, 6016,
6017, 6016, 6021,
6022, 6023, 6024,
6023, 6022, 6025,
6030, 6031, 6032,
6031, 6030, 6033,
6038, 6039, 6040,
6039, 6038, 6041,
6046, 6047, 6048,
6047, 6046, 6049,
6054, 6055, 6056,
6057, 6056, 6055,
6062, 6063, 6064,
6065, 6064, 6063,
6070, 6071, 6072,
6073, 6072, 6071,
6078, 6079, 6080,
6081, 6080, 6079,
6082, 6083, 6084,
6083, 6082, 6085,
6090, 6091, 6092,
6091, 6090, 6093,
6098, 6099, 6100,
6099, 6098, 6101,
6106, 6107, 6108,
6107, 6106, 6109,
6114, 6115, 6116,
6117, 6116, 6115,
6122, 6123, 6124,
6125, 6124, 6123,
6130, 6131, 6132,
6133, 6132, 6131,
6138, 6139, 6140,
6141, 6140, 6139,
6142, 6143, 6144,
6143, 6142, 6145,
6150, 6151, 6152,
6151, 6150, 6153,
6158, 6159, 6160,
6159, 6158, 6161,
6166, 6167, 6168,
6167, 6166, 6169,
6174, 6175, 6176,
6177, 6176, 6175,
6182, 6183, 6184,
6185, 6184, 6183,
6190, 6191, 6192,
6193, 6192, 6191,
6198, 6199, 6200,
6201, 6200, 6199,
6202, 6203, 6204,
6203, 6202, 6205,
6210, 6211, 6212,
6211, 6210, 6213,
6218, 6219, 6220,
6219, 6218, 6221,
6226, 6227, 6228,
6227, 6226, 6229,
6234, 6235, 6236,
6237, 6236, 6235,
6242, 6243, 6244,
6245, 6244, 6243,
6250, 6251, 6252,
6253, 6252, 6251,
6258, 6259, 6260,
6261, 6260, 6259,
6262, 6263, 6264,
6263, 6262, 6265,
6263, 6265, 6266,
6266, 6265, 6267,
6266, 6267, 6268,
6268, 6267, 6269,
6269, 6267, 6270,
6270, 6267, 6271,
6271, 6267, 6272,
6267, 6265, 6273,
6273, 6265, 6274,
6274, 6265, 6275,
6275, 6265, 6276,
6276, 6265, 6277,
6277, 6265, 6278,
6264, 6279, 6280,
6279, 6264, 6263,
6279, 6263, 6281,
6279, 6281, 6282,
6279, 6282, 6283,
6279, 6283, 6284,
6280, 6279, 6272,
6280, 6272, 6285,
6285, 6272, 6267,
6285, 6267, 6286,
6285, 6286, 6287,
6285, 6287, 6288,
6285, 6288, 6289,
6280, 6285, 6278,
6280, 6278, 6265,
6276, 6289, 6288,
6289, 6276, 6277,
6274, 6287, 6286,
6287, 6274, 6275,
6270, 6284, 6283,
6284, 6270, 6271,
6268, 6282, 6281,
6282, 6268, 6269,
6318, 6319, 6320,
6321, 6320, 6319,
6322, 6323, 6324,
6325, 6324, 6323,
6326, 6327, 6328,
6329, 6328, 6327,
6330, 6331, 6332,
6333, 6332, 6331,
6334, 6335, 6336,
6335, 6337, 6336,
6332, 6333, 6337,
6333, 6328, 6337,
6328, 6329, 6337,
6329, 6338, 6337,
6338, 6339, 6337,
6337, 6339, 6336,
6339, 6340, 6336,
6324, 6325, 6340,
6325, 6320, 6340,
6320, 6321, 6340,
6321, 6341, 6340,
6341, 6342, 6340,
6336, 6340, 6342,
6335, 6334, 6330,
6330, 6334, 6331,
6331, 6334, 6326,
6326, 6334, 6327,
6327, 6334, 6343,
6343, 6334, 6338,
6339, 6338, 6322,
6322, 6338, 6323,
6323, 6338, 6318,
6318, 6338, 6319,
6319, 6338, 6344,
6338, 6334, 6344,
6344, 6334, 6341,
6334, 6345, 6341,
6342, 6341, 6345,
6346, 6347, 6348,
6347, 6346, 6349,
6354, 6355, 6356,
6355, 6354, 6357,
6362, 6363, 6364,
6363, 6362, 6365,
6370, 6371, 6372,
6371, 6370, 6373,
6378, 6379, 6380,
6381, 6380, 6379,
6386, 6387, 6388,
6389, 6388, 6387,
6394, 6395, 6396,
6397, 6396, 6395,
6402, 6403, 6404,
6405, 6404, 6403,
6406, 6407, 6408,
6407, 6406, 6409,
6414, 6415, 6416,
6415, 6414, 6417,
6422, 6423, 6424,
6423, 6422, 6425,
6430, 6431, 6432,
6431, 6430, 6433,
6438, 6439, 6440,
6441, 6440, 6439,
6446, 6447, 6448,
6449, 6448, 6447,
6454, 6455, 6456,
6457, 6456, 6455,
6462, 6463, 6464,
6465, 6464, 6463,
6466, 6467, 6468,
6467, 6466, 6469,
6474, 6475, 6476,
6475, 6474, 6477,
6482, 6483, 6484,
6483, 6482, 6485,
6490, 6491, 6492,
6491, 6490, 6493,
6498, 6499, 6500,
6501, 6500, 6499,
6506, 6507, 6508,
6509, 6508, 6507,
6514, 6515, 6516,
6517, 6516, 6515,
6522, 6523, 6524,
6525, 6524, 6523,
6526, 6527, 6528,
6527, 6526, 6529,
6534, 6535, 6536,
6535, 6534, 6537,
6542, 6543, 6544,
6543, 6542, 6545,
6550, 6551, 6552,
6551, 6550, 6553,
6558, 6559, 6560,
6561, 6560, 6559,
6566, 6567, 6568,
6569, 6568, 6567,
6574, 6575, 6576,
6577, 6576, 6575,
6582, 6583, 6584,
6585, 6584, 6583,
6586, 6587, 6588,
6587, 6586, 6589,
6587, 6589, 6590,
6590, 6589, 6591,
6590, 6591, 6592,
6592, 6591, 6593,
6593, 6591, 6594,
6594, 6591, 6595,
6595, 6591, 6596,
6591, 6589, 6597,
6597, 6589, 6598,
6598, 6589, 6599,
6599, 6589, 6600,
6600, 6589, 6601,
6601, 6589, 6602,
6588, 6603, 6604,
6603, 6588, 6587,
6603, 6587, 6605,
6603, 6605, 6606,
6603, 6606, 6607,
6603, 6607, 6608,
6604, 6603, 6596,
6604, 6596, 6609,
6609, 6596, 6591,
6609, 6591, 6610,
6609, 6610, 6611,
6609, 6611, 6612,
6609, 6612, 6613,
6604, 6609, 6602,
6604, 6602, 6589,
6600, 6613, 6612,
6613, 6600, 6601,
6598, 6611, 6610,
6611, 6598, 6599,
6594, 6608, 6607,
6608, 6594, 6595,
6592, 6606, 6605,
6606, 6592, 6593,
6642, 6643, 6644,
6645, 6644, 6643,
6646, 6647, 6648,
6649, 6648, 6647,
6650, 6651, 6652,
6653, 6652, 6651,
6654, 6655, 6656,
6657, 6656, 6655,
6658, 6659, 6660,
6659, 6661, 6660,
6656, 6657, 6661,
6657, 6652, 6661,
6652, 6653, 6661,
6653, 6662, 6661,
6662, 6663, 6661,
6661, 6663, 6660,
6663, 6664, 6660,
6648, 6649, 6664,
6649, 6644, 6664,
6644, 6645, 6664,
6645, 6665, 6664,
6665, 6666, 6664,
6660, 6664, 6666,
6659, 6658, 6654,
6654, 6658, 6655,
6655, 6658, 6650,
6650, 6658, 6651,
6651, 6658, 6667,
6667, 6658, 6662,
6663, 6662, 6646,
6646, 6662, 6647,
6647, 6662, 6642,
6642, 6662, 6643,
6643, 6662, 6668,
6662, 6658, 6668,
6668, 6658, 6665,
6658, 6669, 6665,
6666, 6665, 6669,
6670, 6671, 6672,
6671, 6670, 6673,
6678, 6679, 6680,
6679, 6678, 6681,
6686, 6687, 6688,
6687, 6686, 6689,
6694, 6695, 6696,
6695, 6694, 6697,
6702, 6703, 6704,
6705, 6704, 6703,
6710, 6711, 6712,
6713, 6712, 6711,
6718, 6719, 6720,
6721, 6720, 6719,
6726, 6727, 6728,
6729, 6728, 6727,
6730, 6731, 6732,
6731, 6730, 6733,
6734, 6735, 6736,
6737, 6736, 6735,
6738, 6739, 6740,
6739, 6738, 6741,
6746, 6747, 6748,
6747, 6746, 6749,
6754, 6755, 6756,
6755, 6754, 6757,
6762, 6763, 6764,
6763, 6762, 6765,
6770, 6771, 6772,
6773, 6772, 6771,
6778, 6779, 6780,
6781, 6780, 6779,
6786, 6787, 6788,
6789, 6788, 6787,
6794, 6795, 6796,
6797, 6796, 6795,
6798, 6799, 6800,
6799, 6798, 6801,
6806, 6807, 6808,
6807, 6806, 6809,
6814, 6815, 6816,
6815, 6814, 6817,
6822, 6823, 6824,
6823, 6822, 6825,
6830, 6831, 6832,
6833, 6832, 6831,
6838, 6839, 6840,
6841, 6840, 6839,
6846, 6847, 6848,
6849, 6848, 6847,
6854, 6855, 6856,
6857, 6856, 6855,
6858, 6859, 6860,
6859, 6858, 6861,
6866, 6867, 6868,
6867, 6866, 6869,
6874, 6875, 6876,
6875, 6874, 6877,
6882, 6883, 6884,
6883, 6882, 6885,
6890, 6891, 6892,
6893, 6892, 6891,
6898, 6899, 6900,
6901, 6900, 6899,
6906, 6907, 6908,
6909, 6908, 6907,
6914, 6915, 6916,
6917, 6916, 6915,
6918, 6919, 6920,
6919, 6918, 6921,
6922, 6923, 6924,
6923, 6922, 6925,
6926, 6927, 6928,
6927, 6926, 6929,
6930, 6931, 6932,
6931, 6930, 6933,
6934, 6935, 6936,
6935, 6934, 6937,
6938, 6939, 6940,
6939, 6938, 6941,
6946, 6947, 6948,
6949, 6948, 6947,
6950, 6951, 6952,
6951, 6950, 6953,
6958, 6959, 6960,
6961, 6960, 6959,
6962, 6963, 6964,
6963, 6962, 6965,
6970, 6971, 6972,
6973, 6972, 6971,
6974, 6975, 6976,
6975, 6974, 6977,
6982, 6983, 6984,
6985, 6984, 6983,
6986, 6987, 6988,
6987, 6986, 6989,
6990, 6991, 6992,
6993, 6992, 6991,
6994, 6995, 6996,
6995, 6994, 6997,
6998, 6999, 7000,
7001, 7000, 6999,
7002, 7003, 7004,
7003, 7002, 7005,
7004, 7003, 7006,
7003, 7005, 7007,
7007, 7005, 7008,
7006, 7009, 7004,
7009, 7006, 7008,
7009, 7008, 7005,
7010, 7011, 7012,
7011, 7013, 7012,
7014, 7012, 7013,
7011, 7010, 7015,
7015, 7010, 7016,
7013, 7016, 7014,
7010, 7017, 7016,
7014, 7016, 7017,
7018, 7019, 7020,
7019, 7018, 7021,
7022, 7023, 7024,
7025, 7024, 7023,
7026, 7027, 7028,
7027, 7026, 7029,
7030, 7031, 7032,
7033, 7032, 7031,
7034, 7035, 7036,
7035, 7034, 7037,
7038, 7039, 7040,
7041, 7040, 7039,
7042, 7043, 7044,
7043, 7042, 7045,
7046, 7047, 7048,
7049, 7048, 7047,
7050, 7051, 7052,
7051, 7050, 7053,
7054, 7055, 7056,
7057, 7056, 7055,
7058, 7059, 7060,
7059, 7058, 7061,
7062, 7063, 7064,
7065, 7064, 7063,
7066, 7067, 7068,
7067, 7066, 7069,
7070, 7071, 7072,
7073, 7072, 7071,
7074, 7075, 7076,
7075, 7074, 7077,
7078, 7079, 7080,
7081, 7080, 7079,
7082, 7083, 7084,
7083, 7082, 7085,
7086, 7087, 7088,
7089, 7088, 7087,
7090, 7091, 7092,
7091, 7090, 7093,
7094, 7095, 7096,
7097, 7096, 7095,
7098, 7099, 7100,
7099, 7098, 7101,
7102, 7103, 7104,
7105, 7104, 7103,
7106, 7107, 7108,
7107, 7106, 7109,
7110, 7111, 7112,
7113, 7112, 7111