0, 153, 8,
0, 0, 0,
0, 0, 8,
0, 153, 0,
0, 153, 0,
0, 153, 8,
0, 0, 0,
0, 0, 8,
153, 153, 0,
0, 0, 0,
0, 153, 0,
153, 0, 0,
153, 0, 0,
153, 153, 0,
0, 0, 0,
0, 153, 0,
153, 0, 8,
0, 0, 0,
153, 0, 0,
0, 0, 8,
0, 0, 8,
153, 0, 8,
0, 0, 0,
153, 0, 0,
129, 140, 8,
79, 141, 8,
79, 140, 8,
142, 24, 8,
140, 75, 8,
140, 24, 8,
141, 75, 8,
0, 0, 8,
7, 7, 8,
0, 153, 8,
153, 0, 8,
7, 134, 8,
19, 7, 8,
19, 9, 8,
21, 9, 8,
21, 11, 8,
24, 11, 8,
24, 11, 8,
24, 14, 8,
75, 13, 8,
79, 13, 8,
79, 14, 8,
134, 7, 8,
129, 11, 8,
132, 9, 8,
147, 7, 8,
147, 19, 8,
147, 134, 8,
147, 147, 8,
7, 147, 8,
153, 153, 8,
19, 147, 8,
21, 145, 8,
24, 142, 8,
75, 141, 8,
75, 140, 8,
134, 147, 8,
129, 142, 8,
132, 145, 8,
132, 142, 8,
134, 145, 8,
145, 21, 8,
145, 19, 8,
145, 132, 8,
145, 134, 8,
142, 21, 8,
142, 129, 8,
142, 132, 8,
140, 79, 8,
140, 129, 8,
141, 79, 8,
134, 9, 8,
132, 11, 8,
129, 14, 8,
75, 14, 8,
11, 24, 8,
13, 75, 8,
13, 79, 8,
14, 24, 8,
14, 75, 8,
11, 129, 8,
11, 21, 8,
14, 129, 8,
14, 79, 8,
9, 19, 8,
9, 132, 8,
7, 19, 8,
9, 21, 8,
11, 132, 8,
9, 134, 8,
19, 145, 8,
21, 142, 8,
24, 140, 8,
24, 140, 8,
24, 142, 8,
75, 140, 8,
21, 142, 8,
21, 145, 8,
19, 145, 8,
19, 147, 8,
9, 132, 8,
7, 19, 8,
9, 134, 8,
7, 7, 8,
7, 134, 8,
11, 129, 8,
11, 21, 8,
11, 132, 8,
9, 21, 8,
9, 19, 8,
14, 79, 8,
13, 79, 8,
14, 129, 8,
11, 24, 8,
14, 75, 8,
14, 24, 8,
13, 75, 8,
75, 13, 8,
24, 14, 8,
75, 14, 8,
129, 11, 8,
79, 14, 8,
129, 14, 8,
132, 9, 8,
132, 11, 8,
134, 7, 8,
134, 9, 8,
142, 24, 8,
141, 75, 8,
142, 129, 8,
141, 79, 8,
140, 79, 8,
140, 129, 8,
145, 132, 8,
145, 21, 8,
142, 132, 8,
142, 21, 8,
147, 134, 8,
147, 19, 8,
145, 134, 8,
145, 19, 8,
153, 0, 8,
147, 147, 8,
153, 153, 8,
134, 147, 8,
134, 145, 8,
132, 145, 8,
132, 142, 8,
129, 142, 8,
129, 140, 8,
79, 141, 8,
75, 141, 8,
7, 147, 8,
0, 153, 8,
147, 7, 8,
79, 13, 8,
24, 11, 8,
24, 11, 8,
21, 11, 8,
21, 9, 8,
19, 9, 8,
19, 7, 8,
0, 0, 8,
140, 75, 8,
140, 24, 8,
79, 140, 8,
0, 153, 8,
153, 153, 0,
0, 153, 0,
153, 153, 8,
153, 153, 8,
0, 153, 8,
153, 153, 0,
0, 153, 0,
153, 153, 0,
153, 0, 8,
153, 0, 0,
153, 153, 8,
153, 153, 8,
153, 153, 0,
153, 0, 8,
153, 0, 0,
7, 12, 233,
7, 7, 8,
7, 7, 233,
7, 12, 216,
7, 19, 8,
7, 19, 216,
7, 19, 216,
7, 12, 216,
7, 19, 8,
7, 7, 8,
7, 12, 233,
7, 7, 233,
19, 7, 8,
7, 7, 233,
7, 7, 8,
12, 7, 216,
19, 7, 216,
12, 7, 233,
12, 7, 233,
12, 7, 216,
7, 7, 233,
19, 7, 216,
19, 7, 8,
7, 7, 8,
9, 12, 233,
7, 12, 233,
9, 9, 233,
7, 7, 233,
12, 7, 233,
12, 9, 233,
12, 9, 233,
12, 7, 233,
9, 9, 233,
7, 7, 233,
7, 12, 233,
9, 12, 233,
7, 12, 233,
9, 12, 216,
7, 12, 216,
9, 12, 218,
9, 12, 233,
9, 12, 233,
7, 12, 233,
9, 12, 218,
9, 12, 216,
7, 12, 216,
9, 12, 216,
7, 19, 216,
7, 12, 216,
9, 19, 216,
9, 19, 216,
9, 12, 216,
7, 19, 216,
7, 12, 216,
7, 19, 216,
9, 19, 8,
7, 19, 8,
9, 19, 216,
9, 19, 216,
7, 19, 216,
9, 19, 8,
7, 19, 8,
11, 132, 8,
9, 134, 8,
9, 132, 8,
14, 129, 8,
11, 129, 8,
19, 7, 8,
7, 19, 8,
7, 7, 8,
9, 19, 8,
9, 21, 8,
11, 21, 8,
11, 24, 8,
14, 24, 8,
14, 75, 8,
140, 24, 8,
140, 79, 8,
140, 129, 8,
140, 75, 8,
134, 9, 8,
132, 11, 8,
132, 9, 8,
134, 145, 8,
134, 147, 8,
147, 147, 8,
142, 132, 8,
142, 129, 8,
145, 134, 8,
145, 132, 8,
147, 134, 8,
129, 14, 8,
129, 11, 8,
129, 140, 8,
129, 142, 8,
132, 142, 8,
132, 145, 8,
75, 14, 8,
24, 140, 8,
24, 14, 8,
75, 140, 8,
79, 14, 8,
79, 140, 8,
24, 11, 8,
21, 142, 8,
21, 11, 8,
24, 14, 8,
24, 142, 8,
21, 9, 8,
19, 145, 8,
19, 9, 8,
21, 145, 8,
7, 147, 8,
7, 134, 8,
19, 147, 8,
14, 79, 8,
147, 7, 8,
134, 7, 8,
142, 21, 8,
145, 19, 8,
147, 19, 8,
145, 21, 8,
142, 24, 8,
142, 21, 8,
140, 24, 8,
142, 24, 8,
145, 19, 8,
145, 21, 8,
147, 19, 8,
147, 7, 8,
134, 9, 8,
134, 7, 8,
19, 145, 8,
19, 9, 8,
19, 147, 8,
19, 7, 8,
14, 75, 8,
14, 79, 8,
14, 129, 8,
11, 132, 8,
9, 134, 8,
7, 147, 8,
7, 134, 8,
21, 142, 8,
21, 11, 8,
21, 145, 8,
21, 9, 8,
24, 140, 8,
24, 14, 8,
24, 142, 8,
24, 14, 8,
24, 11, 8,
129, 140, 8,
129, 14, 8,
79, 140, 8,
79, 14, 8,
75, 140, 8,
75, 14, 8,
134, 145, 8,
132, 11, 8,
132, 145, 8,
132, 142, 8,
129, 142, 8,
129, 11, 8,
147, 134, 8,
145, 134, 8,
147, 147, 8,
145, 132, 8,
142, 132, 8,
142, 129, 8,
140, 129, 8,
134, 147, 8,
132, 9, 8,
140, 75, 8,
140, 79, 8,
14, 24, 8,
11, 24, 8,
11, 21, 8,
9, 21, 8,
9, 19, 8,
7, 19, 8,
7, 7, 8,
11, 129, 8,
9, 132, 8,
19, 9, 8,
19, 7, 216,
19, 7, 8,
19, 9, 216,
19, 9, 216,
19, 9, 8,
19, 7, 216,
19, 7, 8,
19, 7, 216,
12, 9, 216,
12, 7, 216,
19, 9, 216,
19, 9, 216,
19, 7, 216,
12, 9, 216,
12, 7, 216,
12, 9, 216,
12, 7, 233,
12, 7, 216,
12, 9, 233,
12, 9, 218,
12, 9, 218,
12, 9, 216,
12, 9, 233,
12, 7, 233,
12, 7, 216,
9, 12, 233,
9, 9, 218,
9, 9, 233,
9, 12, 218,
9, 12, 218,
9, 12, 233,
9, 9, 218,
9, 9, 233,
9, 9, 239,
9, 15, 236,
9, 9, 233,
9, 145, 239,
9, 12, 233,
9, 12, 218,
9, 12, 216,
9, 138, 236,
9, 141, 237,
9, 138, 218,
9, 145, 237,
9, 132, 218,
9, 134, 216,
9, 132, 8,
9, 141, 216,
9, 134, 8,
9, 15, 218,
9, 19, 216,
9, 21, 218,
9, 19, 8,
9, 21, 8,
9, 21, 8,
9, 21, 218,
9, 19, 8,
9, 19, 216,
9, 15, 218,
9, 15, 236,
9, 12, 216,
9, 134, 216,
9, 132, 8,
9, 134, 8,
9, 141, 237,
9, 138, 218,
9, 141, 216,
9, 132, 218,
9, 145, 237,
9, 145, 239,
9, 138, 236,
9, 12, 218,
9, 12, 233,
9, 9, 233,
9, 9, 239,
12, 9, 233,
9, 9, 218,
12, 9, 218,
9, 9, 233,
9, 9, 233,
12, 9, 233,
9, 9, 218,
12, 9, 218,
141, 9, 216,
138, 9, 218,
134, 9, 216,
141, 9, 237,
138, 9, 236,
15, 9, 236,
145, 9, 239,
145, 9, 237,
21, 9, 218,
19, 9, 8,
21, 9, 8,
19, 9, 216,
12, 9, 216,
12, 9, 218,
15, 9, 218,
12, 9, 233,
9, 9, 233,
9, 9, 239,
134, 9, 8,
132, 9, 218,
132, 9, 8,
138, 9, 218,
134, 9, 216,
132, 9, 218,
134, 9, 8,
132, 9, 8,
145, 9, 239,
141, 9, 237,
9, 9, 239,
15, 9, 236,
9, 9, 233,
12, 9, 233,
12, 9, 218,
15, 9, 218,
21, 9, 218,
12, 9, 216,
19, 9, 216,
19, 9, 8,
21, 9, 8,
145, 9, 237,
138, 9, 236,
141, 9, 216,
14, 79, 218,
14, 85, 213,
14, 79, 8,
14, 129, 218,
14, 125, 213,
14, 125, 169,
14, 125, 162,
14, 125, 118,
14, 125, 111,
14, 125, 67,
14, 125, 60,
14, 125, 17,
14, 85, 17,
14, 129, 8,
14, 85, 169,
14, 85, 162,
14, 85, 118,
14, 85, 111,
14, 85, 67,
14, 85, 60,
14, 125, 162,
14, 125, 169,
14, 85, 162,
14, 85, 169,
14, 125, 111,
14, 125, 118,
14, 85, 111,
14, 85, 118,
14, 125, 60,
14, 125, 67,
14, 85, 60,
14, 85, 67,
14, 129, 218,
14, 125, 17,
14, 129, 8,
14, 85, 17,
14, 85, 213,
14, 79, 8,
14, 125, 213,
14, 79, 218,
13, 75, 8,
14, 79, 8,
13, 79, 8,
14, 75, 8,
14, 75, 8,
13, 75, 8,
14, 79, 8,
13, 79, 8,
14, 79, 218,
14, 75, 8,
14, 75, 218,
14, 79, 8,
14, 79, 8,
14, 79, 218,
14, 75, 8,
14, 75, 218,
14, 24, 8,
14, 29, 17,
14, 24, 218,
14, 75, 8,
14, 68, 17,
14, 68, 60,
14, 68, 67,
14, 68, 111,
14, 68, 118,
14, 68, 162,
14, 68, 169,
14, 68, 213,
14, 29, 213,
14, 75, 218,
14, 29, 60,
14, 29, 67,
14, 29, 111,
14, 29, 118,
14, 29, 162,
14, 29, 169,
14, 68, 67,
14, 68, 60,
14, 29, 67,
14, 29, 60,
14, 68, 118,
14, 68, 111,
14, 29, 118,
14, 29, 111,
14, 68, 169,
14, 68, 162,
14, 29, 169,
14, 29, 162,
14, 75, 8,
14, 68, 213,
14, 75, 218,
14, 29, 213,
14, 29, 17,
14, 24, 218,
14, 68, 17,
14, 24, 8,
11, 24, 218,
14, 24, 8,
11, 24, 8,
14, 24, 218,
14, 24, 218,
11, 24, 218,
14, 24, 8,
11, 24, 8,
11, 24, 218,
11, 21, 8,
11, 21, 218,
11, 24, 8,
11, 24, 8,
11, 24, 218,
11, 21, 8,
11, 21, 218,
9, 21, 218,
11, 21, 8,
9, 21, 8,
11, 21, 218,
11, 21, 218,
9, 21, 218,
11, 21, 8,
9, 21, 8,
21, 11, 8,
21, 9, 218,
21, 9, 8,
21, 11, 218,
21, 11, 218,
21, 11, 8,
21, 9, 218,
21, 9, 8,
24, 11, 218,
24, 11, 8,
24, 11, 8,
21, 11, 8,
21, 11, 218,
21, 11, 218,
24, 11, 218,
21, 11, 8,
24, 11, 8,
24, 11, 8,
24, 11, 8,
24, 14, 8,
24, 11, 8,
24, 14, 8,
24, 14, 8,
24, 11, 8,
24, 14, 8,
24, 11, 8,
75, 14, 8,
68, 14, 17,
24, 14, 8,
75, 14, 218,
68, 14, 60,
68, 14, 67,
29, 14, 60,
68, 14, 111,
68, 14, 118,
29, 14, 111,
68, 14, 162,
68, 14, 169,
29, 14, 162,
68, 14, 213,
29, 14, 213,
29, 14, 17,
24, 14, 218,
29, 14, 67,
29, 14, 118,
29, 14, 169,
75, 14, 218,
29, 14, 213,
24, 14, 218,
29, 14, 169,
68, 14, 169,
29, 14, 162,
29, 14, 118,
68, 14, 118,
29, 14, 111,
29, 14, 67,
68, 14, 67,
29, 14, 60,
29, 14, 17,
68, 14, 17,
24, 14, 8,
68, 14, 213,
68, 14, 162,
68, 14, 111,
68, 14, 60,
75, 14, 8,
79, 13, 8,
75, 14, 8,
75, 13, 8,
79, 14, 8,
79, 14, 8,
79, 13, 8,
75, 14, 8,
75, 13, 8,
79, 14, 218,
79, 14, 8,
79, 14, 218,
79, 14, 8,
129, 14, 8,
125, 14, 17,
129, 14, 218,
125, 14, 60,
125, 14, 67,
85, 14, 60,
125, 14, 111,
125, 14, 118,
85, 14, 111,
125, 14, 162,
125, 14, 169,
85, 14, 162,
125, 14, 213,
85, 14, 213,
85, 14, 17,
85, 14, 67,
85, 14, 118,
85, 14, 169,
129, 14, 218,
85, 14, 213,
85, 14, 169,
125, 14, 169,
85, 14, 162,
85, 14, 118,
125, 14, 118,
85, 14, 111,
85, 14, 67,
125, 14, 67,
85, 14, 60,
85, 14, 17,
125, 14, 17,
125, 14, 213,
125, 14, 162,
125, 14, 111,
125, 14, 60,
129, 14, 8,
129, 14, 218,
129, 11, 8,
129, 11, 218,
129, 14, 8,
129, 14, 8,
129, 14, 218,
129, 11, 8,
129, 11, 218,
132, 11, 8,
129, 11, 218,
129, 11, 8,
132, 11, 218,
132, 11, 218,
132, 11, 8,
129, 11, 218,
129, 11, 8,
132, 9, 218,
132, 11, 8,
132, 9, 8,
132, 11, 218,
132, 11, 218,
132, 9, 218,
132, 11, 8,
132, 9, 8,
134, 9, 216,
134, 7, 8,
134, 7, 216,
134, 9, 8,
134, 9, 8,
134, 9, 216,
134, 7, 8,
134, 7, 216,
147, 7, 237,
134, 7, 8,
147, 7, 8,
141, 7, 216,
141, 7, 237,
134, 7, 216,
141, 7, 216,
134, 7, 8,
134, 7, 216,
141, 7, 237,
147, 7, 237,
147, 7, 8,
147, 19, 8,
147, 7, 237,
147, 7, 8,
147, 12, 216,
147, 19, 216,
147, 12, 237,
147, 12, 216,
147, 7, 237,
147, 12, 237,
147, 19, 216,
147, 19, 8,
147, 7, 8,
145, 19, 216,
147, 19, 8,
145, 19, 8,
147, 19, 216,
147, 19, 216,
145, 19, 216,
147, 19, 8,
145, 19, 8,
145, 12, 216,
145, 15, 218,
145, 12, 237,
145, 19, 216,
145, 21, 218,
145, 19, 8,
145, 21, 8,
145, 134, 8,
145, 132, 218,
145, 132, 8,
145, 134, 216,
145, 138, 218,
145, 141, 216,
145, 138, 236,
145, 9, 239,
145, 9, 237,
145, 145, 239,
145, 15, 236,
145, 141, 237,
145, 145, 237,
145, 145, 237,
145, 141, 237,
145, 145, 239,
145, 141, 216,
145, 138, 236,
145, 15, 236,
145, 15, 218,
145, 12, 237,
145, 9, 239,
145, 9, 237,
145, 138, 218,
145, 134, 216,
145, 132, 218,
145, 134, 8,
145, 132, 8,
145, 21, 8,
145, 19, 8,
145, 21, 218,
145, 19, 216,
145, 12, 216,
142, 21, 218,
145, 21, 8,
142, 21, 8,
145, 21, 218,
145, 21, 218,
142, 21, 218,
145, 21, 8,
142, 21, 8,
142, 21, 8,
142, 24, 218,
142, 21, 218,
142, 24, 8,
142, 24, 8,
142, 21, 8,
142, 24, 218,
142, 21, 218,
140, 24, 218,
142, 24, 8,
140, 24, 8,
142, 24, 218,
142, 24, 218,
140, 24, 218,
142, 24, 8,
140, 24, 8,
140, 24, 218,
140, 29, 213,
140, 24, 8,
140, 75, 218,
140, 68, 213,
140, 68, 169,
140, 68, 162,
140, 68, 118,
140, 68, 111,
140, 68, 67,
140, 68, 60,
140, 68, 17,
140, 29, 17,
140, 75, 8,
140, 29, 169,
140, 29, 162,
140, 29, 118,
140, 29, 111,
140, 29, 67,
140, 29, 60,
140, 68, 162,
140, 68, 169,
140, 29, 162,
140, 29, 169,
140, 68, 111,
140, 68, 118,
140, 29, 111,
140, 29, 118,
140, 68, 60,
140, 68, 67,
140, 29, 60,
140, 29, 67,
140, 75, 218,
140, 68, 17,
140, 75, 8,
140, 29, 17,
140, 29, 213,
140, 24, 8,
140, 68, 213,
140, 24, 218,
140, 75, 8,
141, 79, 8,
140, 79, 8,
141, 75, 8,
141, 75, 8,
140, 75, 8,
141, 79, 8,
140, 79, 8,
140, 79, 218,
140, 85, 213,
140, 79, 8,
140, 129, 218,
140, 125, 213,
140, 125, 169,
140, 125, 162,
140, 125, 118,
140, 125, 111,
140, 125, 67,
140, 125, 60,
140, 125, 17,
140, 85, 17,
140, 129, 8,
140, 85, 169,
140, 85, 162,
140, 85, 118,
140, 85, 111,
140, 85, 67,
140, 85, 60,
140, 125, 162,
140, 125, 169,
140, 85, 162,
140, 85, 169,
140, 125, 111,
140, 125, 118,
140, 85, 111,
140, 85, 118,
140, 125, 60,
140, 125, 67,
140, 85, 60,
140, 85, 67,
140, 129, 218,
140, 125, 17,
140, 129, 8,
140, 85, 17,
140, 85, 213,
140, 79, 8,
140, 125, 213,
140, 79, 218,
142, 129, 218,
140, 129, 8,
142, 129, 8,
140, 129, 218,
140, 129, 218,
142, 129, 218,
140, 129, 8,
142, 129, 8,
142, 132, 8,
142, 129, 218,
142, 129, 8,
142, 132, 218,
142, 132, 218,
142, 132, 8,
142, 129, 218,
142, 129, 8,
145, 132, 218,
142, 132, 8,
145, 132, 8,
142, 132, 218,
142, 132, 218,
145, 132, 218,
142, 132, 8,
145, 132, 8,
147, 134, 216,
145, 134, 8,
147, 134, 8,
145, 134, 216,
145, 134, 216,
147, 134, 216,
145, 134, 8,
147, 134, 8,
147, 147, 8,
147, 134, 216,
147, 134, 8,
147, 141, 216,
147, 141, 237,
147, 147, 237,
147, 147, 237,
147, 147, 8,
147, 141, 237,
147, 141, 216,
147, 134, 216,
147, 134, 8,
134, 147, 8,
147, 147, 237,
147, 147, 8,
141, 147, 216,
134, 147, 216,
141, 147, 237,
141, 147, 237,
141, 147, 216,
147, 147, 237,
134, 147, 216,
134, 147, 8,
147, 147, 8,
134, 147, 216,
134, 145, 8,
134, 145, 216,
134, 147, 8,
134, 147, 8,
134, 147, 216,
134, 145, 8,
134, 145, 216,
12, 145, 216,
15, 145, 218,
19, 145, 216,
12, 145, 237,
15, 145, 236,
138, 145, 236,
9, 145, 239,
9, 145, 237,
141, 145, 237,
145, 145, 237,
145, 145, 239,
132, 145, 218,
134, 145, 8,
132, 145, 8,
134, 145, 216,
141, 145, 216,
138, 145, 218,
19, 145, 8,
21, 145, 218,
21, 145, 8,
15, 145, 218,
19, 145, 216,
21, 145, 218,
19, 145, 8,
21, 145, 8,
12, 145, 237,
138, 145, 236,
141, 145, 237,
138, 145, 218,
141, 145, 216,
132, 145, 218,
134, 145, 216,
134, 145, 8,
132, 145, 8,
145, 145, 239,
9, 145, 239,
145, 145, 237,
9, 145, 237,
15, 145, 236,
12, 145, 216,
132, 145, 218,
132, 142, 8,
132, 142, 218,
132, 145, 8,
132, 145, 8,
132, 145, 218,
132, 142, 8,
132, 142, 218,
129, 142, 218,
132, 142, 8,
129, 142, 8,
132, 142, 218,
132, 142, 218,
129, 142, 218,
132, 142, 8,
129, 142, 8,
129, 142, 218,
129, 140, 8,
129, 140, 218,
129, 142, 8,
129, 142, 8,
129, 142, 218,
129, 140, 8,
129, 140, 218,
129, 140, 8,
125, 140, 17,
79, 140, 8,
129, 140, 218,
125, 140, 60,
125, 140, 67,
85, 140, 60,
125, 140, 111,
125, 140, 118,
85, 140, 111,
125, 140, 162,
125, 140, 169,
85, 140, 162,
125, 140, 213,
85, 140, 213,
85, 140, 17,
79, 140, 218,
85, 140, 67,
85, 140, 118,
85, 140, 169,
129, 140, 218,
85, 140, 213,
79, 140, 218,
85, 140, 169,
125, 140, 169,
85, 140, 162,
85, 140, 118,
125, 140, 118,
85, 140, 111,
85, 140, 67,
125, 140, 67,
85, 140, 60,
85, 140, 17,
125, 140, 17,
79, 140, 8,
125, 140, 213,
125, 140, 162,
125, 140, 111,
125, 140, 60,
129, 140, 8,
79, 140, 8,
75, 141, 8,
75, 140, 8,
79, 141, 8,
79, 141, 8,
79, 140, 8,
75, 141, 8,
75, 140, 8,
75, 140, 8,
68, 140, 17,
24, 140, 8,
75, 140, 218,
68, 140, 60,
68, 140, 67,
29, 140, 60,
68, 140, 111,
68, 140, 118,
29, 140, 111,
68, 140, 162,
68, 140, 169,
29, 140, 162,
68, 140, 213,
29, 140, 213,
29, 140, 17,
24, 140, 218,
29, 140, 67,
29, 140, 118,
29, 140, 169,
75, 140, 218,
29, 140, 213,
24, 140, 218,
29, 140, 169,
68, 140, 169,
29, 140, 162,
29, 140, 118,
68, 140, 118,
29, 140, 111,
29, 140, 67,
68, 140, 67,
29, 140, 60,
29, 140, 17,
68, 140, 17,
24, 140, 8,
68, 140, 213,
68, 140, 162,
68, 140, 111,
68, 140, 60,
75, 140, 8,
24, 142, 8,
24, 140, 218,
24, 140, 8,
24, 142, 218,
24, 142, 218,
24, 142, 8,
24, 140, 218,
24, 140, 8,
21, 142, 8,
24, 142, 218,
24, 142, 8,
21, 142, 218,
21, 142, 218,
21, 142, 8,
24, 142, 218,
24, 142, 8,
21, 145, 8,
21, 142, 218,
21, 142, 8,
21, 145, 218,
21, 145, 218,
21, 145, 8,
21, 142, 218,
21, 142, 8,
19, 147, 8,
19, 145, 216,
19, 145, 8,
19, 147, 216,
19, 147, 216,
19, 147, 8,
19, 145, 216,
19, 145, 8,
7, 147, 237,
12, 147, 216,
7, 147, 8,
12, 147, 237,
19, 147, 216,
19, 147, 8,
12, 147, 216,
7, 147, 8,
19, 147, 216,
19, 147, 8,
12, 147, 237,
7, 147, 237,
7, 147, 237,
7, 141, 216,
7, 141, 237,
7, 134, 8,
7, 134, 216,
7, 147, 8,
7, 147, 237,
7, 141, 216,
7, 147, 8,
7, 134, 8,
7, 134, 216,
7, 141, 237,
9, 134, 216,
7, 134, 8,
9, 134, 8,
7, 134, 216,
7, 134, 216,
9, 134, 216,
7, 134, 8,
9, 134, 8,
11, 132, 218,
9, 132, 8,
11, 132, 8,
9, 132, 218,
9, 132, 218,
11, 132, 218,
9, 132, 8,
11, 132, 8,
11, 132, 218,
11, 129, 8,
11, 129, 218,
11, 132, 8,
11, 132, 8,
11, 132, 218,
11, 129, 8,
11, 129, 218,
14, 129, 218,
11, 129, 8,
14, 129, 8,
11, 129, 218,
11, 129, 218,
14, 129, 218,
11, 129, 8,
14, 129, 8,
145, 9, 239,
14, 14, 239,
9, 9, 239,
139, 14, 239,
139, 139, 239,
9, 145, 239,
14, 139, 239,
145, 145, 239,
145, 9, 239,
139, 139, 239,
145, 145, 239,
14, 139, 239,
14, 14, 239,
9, 9, 239,
9, 145, 239,
139, 14, 239,
9, 141, 237,
7, 147, 237,
7, 141, 237,
9, 145, 237,
12, 147, 237,
12, 145, 237,
12, 145, 237,
9, 145, 237,
12, 147, 237,
7, 147, 237,
9, 141, 237,
7, 141, 237,
9, 141, 237,
7, 141, 216,
9, 141, 216,
7, 141, 237,
7, 141, 237,
9, 141, 237,
7, 141, 216,
9, 141, 216,
9, 134, 216,
7, 141, 216,
7, 134, 216,
9, 141, 216,
9, 141, 216,
9, 134, 216,
7, 141, 216,
7, 134, 216,
9, 138, 218,
6, 15, 218,
6, 138, 218,
9, 132, 218,
9, 15, 218,
9, 21, 218,
11, 132, 218,
11, 129, 218,
11, 21, 218,
11, 24, 218,
14, 129, 218,
13, 79, 218,
14, 79, 218,
13, 75, 218,
14, 24, 218,
14, 75, 218,
14, 75, 218,
13, 75, 218,
14, 24, 218,
13, 79, 218,
11, 24, 218,
14, 79, 218,
14, 129, 218,
11, 129, 218,
11, 21, 218,
9, 21, 218,
11, 132, 218,
9, 132, 218,
9, 15, 218,
6, 15, 218,
9, 138, 218,
6, 138, 218,
6, 138, 236,
9, 138, 218,
6, 138, 218,
9, 138, 236,
9, 138, 236,
6, 138, 236,
9, 138, 218,
6, 138, 218,
9, 15, 236,
6, 138, 236,
6, 15, 236,
9, 138, 236,
9, 138, 236,
9, 15, 236,
6, 138, 236,
6, 15, 236,
9, 15, 236,
6, 15, 218,
9, 15, 218,
6, 15, 236,
6, 15, 236,
9, 15, 236,
6, 15, 218,
9, 15, 218,
24, 11, 218,
21, 9, 218,
21, 11, 218,
75, 14, 218,
24, 14, 218,
129, 14, 218,
79, 13, 218,
79, 14, 218,
15, 6, 218,
15, 9, 218,
138, 6, 218,
75, 13, 218,
132, 9, 218,
129, 11, 218,
132, 11, 218,
138, 9, 218,
138, 9, 218,
132, 9, 218,
138, 6, 218,
132, 11, 218,
129, 11, 218,
129, 14, 218,
79, 13, 218,
75, 13, 218,
75, 14, 218,
24, 11, 218,
21, 9, 218,
15, 6, 218,
15, 9, 218,
79, 14, 218,
24, 14, 218,
21, 11, 218,
15, 9, 236,
15, 6, 218,
15, 6, 236,
15, 9, 218,
15, 9, 218,
15, 9, 236,
15, 6, 218,
15, 6, 236,
138, 6, 236,
15, 9, 236,
15, 6, 236,
138, 9, 236,
138, 9, 236,
138, 6, 236,
15, 9, 236,
15, 6, 236,
138, 9, 218,
138, 6, 236,
138, 6, 218,
138, 9, 236,
138, 9, 236,
138, 9, 218,
138, 6, 236,
138, 6, 218,
141, 7, 216,
134, 9, 216,
134, 7, 216,
141, 9, 216,
141, 9, 216,
141, 7, 216,
134, 9, 216,
134, 7, 216,
141, 9, 237,
141, 7, 216,
141, 7, 237,
141, 9, 216,
141, 9, 216,
141, 9, 237,
141, 7, 216,
141, 7, 237,
147, 7, 237,
141, 9, 237,
141, 7, 237,
145, 9, 237,
145, 12, 237,
147, 12, 237,
147, 12, 237,
147, 7, 237,
145, 12, 237,
145, 9, 237,
141, 9, 237,
141, 7, 237,
13, 79, 218,
14, 79, 8,
13, 79, 8,
14, 79, 218,
14, 79, 218,
13, 79, 218,
14, 79, 8,
13, 79, 8,
13, 75, 218,
14, 75, 8,
13, 75, 8,
14, 75, 218,
14, 75, 218,
13, 75, 218,
14, 75, 8,
13, 75, 8,
13, 79, 8,
13, 75, 218,
13, 75, 8,
13, 79, 218,
13, 79, 218,
13, 79, 8,
13, 75, 218,
13, 75, 8,
24, 14, 8,
24, 11, 218,
24, 11, 8,
24, 14, 218,
24, 14, 218,
24, 14, 8,
24, 11, 218,
24, 11, 8,
75, 14, 218,
75, 13, 8,
75, 13, 218,
75, 14, 8,
75, 14, 8,
75, 14, 218,
75, 13, 8,
75, 13, 218,
79, 14, 8,
79, 13, 218,
79, 13, 8,
79, 14, 218,
79, 14, 218,
79, 14, 8,
79, 13, 218,
79, 13, 8,
79, 13, 218,
75, 13, 8,
79, 13, 8,
75, 13, 218,
75, 13, 218,
79, 13, 218,
75, 13, 8,
79, 13, 8,
147, 12, 216,
145, 19, 216,
145, 12, 216,
147, 19, 216,
147, 19, 216,
147, 12, 216,
145, 19, 216,
145, 12, 216,
145, 12, 237,
147, 12, 216,
145, 12, 216,
147, 12, 237,
147, 12, 237,
145, 12, 237,
147, 12, 216,
145, 12, 216,
142, 129, 218,
140, 79, 218,
140, 129, 218,
141, 79, 218,
141, 75, 218,
145, 132, 218,
142, 132, 218,
142, 24, 218,
142, 21, 218,
145, 21, 218,
145, 138, 218,
145, 15, 218,
147, 138, 218,
147, 15, 218,
140, 75, 218,
140, 24, 218,
142, 129, 218,
141, 75, 218,
142, 24, 218,
140, 75, 218,
140, 24, 218,
147, 15, 218,
147, 138, 218,
145, 15, 218,
145, 138, 218,
145, 21, 218,
145, 132, 218,
142, 21, 218,
142, 132, 218,
141, 79, 218,
140, 79, 218,
140, 129, 218,
147, 15, 236,
145, 15, 218,
147, 15, 218,
145, 15, 236,
145, 15, 236,
147, 15, 236,
145, 15, 218,
147, 15, 218,
147, 15, 236,
145, 138, 236,
145, 15, 236,
147, 138, 236,
147, 138, 236,
147, 15, 236,
145, 138, 236,
145, 15, 236,
145, 138, 236,
147, 138, 218,
145, 138, 218,
147, 138, 236,
147, 138, 236,
145, 138, 236,
147, 138, 218,
145, 138, 218,
147, 134, 216,
145, 141, 216,
145, 134, 216,
147, 141, 216,
147, 141, 216,
147, 134, 216,
145, 141, 216,
145, 134, 216,
147, 141, 237,
145, 141, 216,
147, 141, 216,
145, 141, 237,
145, 141, 237,
147, 141, 237,
145, 141, 216,
147, 141, 216,
147, 141, 237,
145, 145, 237,
145, 141, 237,
141, 147, 237,
141, 145, 237,
147, 147, 237,
147, 141, 237,
145, 145, 237,
147, 147, 237,
141, 147, 237,
141, 145, 237,
145, 141, 237,
141, 79, 218,
140, 79, 8,
141, 79, 8,
140, 79, 218,
140, 79, 218,
141, 79, 218,
140, 79, 8,
141, 79, 8,
141, 145, 216,
134, 147, 216,
134, 145, 216,
141, 147, 216,
141, 147, 216,
141, 145, 216,
134, 147, 216,
134, 145, 216,
141, 147, 237,
141, 145, 216,
141, 145, 237,
141, 147, 216,
141, 147, 216,
141, 147, 237,
141, 145, 216,
141, 145, 237,
19, 145, 216,
12, 147, 216,
12, 145, 216,
19, 147, 216,
19, 147, 216,
19, 145, 216,
12, 147, 216,
12, 145, 216,
12, 147, 216,
12, 145, 237,
12, 145, 216,
12, 147, 237,
12, 147, 237,
12, 147, 216,
12, 145, 237,
12, 145, 216,
138, 147, 218,
15, 145, 218,
15, 147, 218,
21, 145, 218,
21, 142, 218,
24, 142, 218,
24, 140, 218,
75, 141, 218,
79, 141, 218,
79, 140, 218,
132, 145, 218,
129, 142, 218,
138, 145, 218,
132, 142, 218,
129, 140, 218,
75, 140, 218,
75, 141, 218,
24, 140, 218,
75, 140, 218,
129, 142, 218,
79, 140, 218,
129, 140, 218,
132, 145, 218,
132, 142, 218,
138, 145, 218,
138, 147, 218,
79, 141, 218,
24, 142, 218,
21, 142, 218,
21, 145, 218,
15, 145, 218,
15, 147, 218,
138, 147, 218,
138, 145, 236,
138, 145, 218,
138, 147, 236,
138, 147, 236,
138, 147, 218,
138, 145, 236,
138, 145, 218,
138, 145, 236,
15, 147, 236,
15, 145, 236,
138, 147, 236,
138, 147, 236,
138, 145, 236,
15, 147, 236,
15, 145, 236,
15, 147, 236,
15, 145, 218,
15, 145, 236,
15, 147, 218,
15, 147, 218,
15, 147, 236,
15, 145, 218,
15, 145, 236,
79, 141, 218,
79, 140, 8,
79, 140, 218,
79, 141, 8,
79, 141, 8,
79, 141, 218,
79, 140, 8,
79, 140, 218,
75, 141, 8,
75, 140, 218,
75, 140, 8,
75, 141, 218,
75, 141, 218,
75, 141, 8,
75, 140, 218,
75, 140, 8,
79, 141, 218,
75, 141, 8,
79, 141, 8,
75, 141, 218,
75, 141, 218,
79, 141, 218,
75, 141, 8,
79, 141, 8,
6, 15, 236,
6, 18, 233,
6, 15, 218,
6, 138, 236,
6, 18, 220,
6, 136, 233,
6, 136, 220,
6, 138, 218,
6, 138, 236,
6, 136, 220,
6, 138, 218,
6, 18, 220,
6, 15, 218,
6, 136, 233,
6, 18, 233,
6, 15, 236,
138, 6, 218,
136, 6, 220,
15, 6, 218,
138, 6, 236,
136, 6, 233,
18, 6, 233,
18, 6, 220,
15, 6, 236,
138, 6, 236,
18, 6, 233,
15, 6, 236,
18, 6, 220,
136, 6, 220,
15, 6, 218,
136, 6, 233,
138, 6, 218,
147, 15, 218,
147, 18, 220,
147, 15, 236,
147, 138, 218,
147, 18, 233,
147, 136, 220,
147, 136, 233,
147, 138, 236,
147, 138, 218,
147, 136, 233,
147, 138, 236,
147, 18, 233,
147, 15, 236,
147, 136, 220,
147, 18, 220,
147, 15, 218,
15, 147, 218,
18, 147, 220,
138, 147, 218,
15, 147, 236,
18, 147, 233,
136, 147, 233,
136, 147, 220,
138, 147, 236,
15, 147, 236,
136, 147, 233,
138, 147, 236,
136, 147, 220,
18, 147, 220,
138, 147, 218,
18, 147, 233,
15, 147, 218,
125, 15, 162,
85, 15, 118,
125, 15, 118,
85, 15, 162,
85, 15, 162,
125, 15, 162,
85, 15, 118,
125, 15, 118,
125, 15, 162,
125, 14, 118,
125, 14, 162,
125, 15, 118,
125, 15, 118,
125, 15, 162,
125, 14, 118,
125, 14, 162,
125, 15, 162,
85, 14, 162,
85, 15, 162,
125, 14, 162,
125, 14, 162,
125, 15, 162,
85, 14, 162,
85, 15, 162,
85, 15, 118,
85, 14, 162,
85, 14, 118,
85, 15, 162,
85, 15, 162,
85, 15, 118,
85, 14, 162,
85, 14, 118,
125, 14, 118,
85, 15, 118,
85, 14, 118,
125, 15, 118,
125, 15, 118,
125, 14, 118,
85, 15, 118,
85, 14, 118,
125, 15, 111,
85, 15, 67,
125, 15, 67,
85, 15, 111,
85, 15, 111,
125, 15, 111,
85, 15, 67,
125, 15, 67,
125, 15, 111,
125, 14, 67,
125, 14, 111,
125, 15, 67,
125, 15, 67,
125, 15, 111,
125, 14, 67,
125, 14, 111,
125, 15, 111,
85, 14, 111,
85, 15, 111,
125, 14, 111,
125, 14, 111,
125, 15, 111,
85, 14, 111,
85, 15, 111,
85, 15, 67,
85, 14, 111,
85, 14, 67,
85, 15, 111,
85, 15, 111,
85, 15, 67,
85, 14, 111,
85, 14, 67,
125, 14, 67,
85, 15, 67,
85, 14, 67,
125, 15, 67,
125, 15, 67,
125, 14, 67,
85, 15, 67,
85, 14, 67,
125, 15, 60,
85, 15, 17,
125, 15, 17,
85, 15, 60,
85, 15, 60,
125, 15, 60,
85, 15, 17,
125, 15, 17,
125, 15, 60,
85, 14, 60,
85, 15, 60,
125, 14, 60,
125, 14, 60,
125, 15, 60,
85, 14, 60,
85, 15, 60,
85, 15, 17,
85, 14, 60,
85, 14, 17,
85, 15, 60,
85, 15, 60,
85, 15, 17,
85, 14, 60,
85, 14, 17,
125, 14, 17,
85, 15, 17,
85, 14, 17,
125, 15, 17,
125, 15, 17,
125, 14, 17,
85, 15, 17,
85, 14, 17,
125, 15, 60,
125, 14, 17,
125, 14, 60,
125, 15, 17,
125, 15, 17,
125, 15, 60,
125, 14, 17,
125, 14, 60,
68, 15, 60,
29, 15, 17,
68, 15, 17,
29, 15, 60,
29, 15, 60,
68, 15, 60,
29, 15, 17,
68, 15, 17,
68, 15, 60,
29, 14, 60,
29, 15, 60,
68, 14, 60,
68, 14, 60,
68, 15, 60,
29, 14, 60,
29, 15, 60,
29, 15, 17,
29, 14, 60,
29, 14, 17,
29, 15, 60,
29, 15, 60,
29, 15, 17,
29, 14, 60,
29, 14, 17,
68, 14, 17,
29, 15, 17,
29, 14, 17,
68, 15, 17,
68, 15, 17,
68, 14, 17,
29, 15, 17,
29, 14, 17,
68, 15, 60,
68, 14, 17,
68, 14, 60,
68, 15, 17,
68, 15, 17,
68, 15, 60,
68, 14, 17,
68, 14, 60,
68, 15, 111,
29, 15, 67,
68, 15, 67,
29, 15, 111,
29, 15, 111,
68, 15, 111,
29, 15, 67,
68, 15, 67,
29, 15, 67,
29, 14, 111,
29, 14, 67,
29, 15, 111,
29, 15, 111,
29, 15, 67,
29, 14, 111,
29, 14, 67,
68, 14, 67,
29, 15, 67,
29, 14, 67,
68, 15, 67,
68, 15, 67,
68, 14, 67,
29, 15, 67,
29, 14, 67,
68, 15, 111,
68, 14, 67,
68, 14, 111,
68, 15, 67,
68, 15, 67,
68, 15, 111,
68, 14, 67,
68, 14, 111,
68, 15, 111,
29, 14, 111,
29, 15, 111,
68, 14, 111,
68, 14, 111,
68, 15, 111,
29, 14, 111,
29, 15, 111,
68, 15, 162,
29, 15, 118,
68, 15, 118,
29, 15, 162,
29, 15, 162,
68, 15, 162,
29, 15, 118,
68, 15, 118,
29, 15, 118,
29, 14, 162,
29, 14, 118,
29, 15, 162,
29, 15, 162,
29, 15, 118,
29, 14, 162,
29, 14, 118,
68, 14, 118,
29, 15, 118,
29, 14, 118,
68, 15, 118,
68, 15, 118,
68, 14, 118,
29, 15, 118,
29, 14, 118,
68, 15, 162,
68, 14, 118,
68, 14, 162,
68, 15, 118,
68, 15, 118,
68, 15, 162,
68, 14, 118,
68, 14, 162,
68, 15, 162,
29, 14, 162,
29, 15, 162,
68, 14, 162,
68, 14, 162,
68, 15, 162,
29, 14, 162,
29, 15, 162,
139, 125, 162,
139, 85, 118,
139, 85, 162,
139, 125, 118,
139, 125, 118,
139, 125, 162,
139, 85, 118,
139, 85, 162,
139, 125, 162,
140, 125, 118,
139, 125, 118,
140, 125, 162,
140, 125, 162,
139, 125, 162,
140, 125, 118,
139, 125, 118,
139, 125, 118,
140, 85, 118,
139, 85, 118,
140, 125, 118,
140, 125, 118,
139, 125, 118,
140, 85, 118,
139, 85, 118,
140, 85, 162,
139, 85, 118,
140, 85, 118,
139, 85, 162,
139, 85, 162,
140, 85, 162,
139, 85, 118,
140, 85, 118,
140, 85, 162,
139, 125, 162,
139, 85, 162,
140, 125, 162,
140, 125, 162,
140, 85, 162,
139, 125, 162,
139, 85, 162,
139, 125, 111,
139, 85, 67,
139, 85, 111,
139, 125, 67,
139, 125, 67,
139, 125, 111,
139, 85, 67,
139, 85, 111,
139, 125, 111,
140, 125, 67,
139, 125, 67,
140, 125, 111,
140, 125, 111,
139, 125, 111,
140, 125, 67,
139, 125, 67,
139, 125, 67,
140, 85, 67,
139, 85, 67,
140, 125, 67,
140, 125, 67,
139, 125, 67,
140, 85, 67,
139, 85, 67,
140, 85, 111,
139, 85, 67,
140, 85, 67,
139, 85, 111,
139, 85, 111,
140, 85, 111,
139, 85, 67,
140, 85, 67,
140, 85, 111,
139, 125, 111,
139, 85, 111,
140, 125, 111,
140, 125, 111,
140, 85, 111,
139, 125, 111,
139, 85, 111,
139, 68, 162,
139, 29, 118,
139, 29, 162,
139, 68, 118,
139, 68, 118,
139, 68, 162,
139, 29, 118,
139, 29, 162,
140, 29, 162,
139, 29, 118,
140, 29, 118,
139, 29, 162,
139, 29, 162,
140, 29, 162,
139, 29, 118,
140, 29, 118,
140, 29, 162,
139, 68, 162,
139, 29, 162,
140, 68, 162,
140, 68, 162,
140, 29, 162,
139, 68, 162,
139, 29, 162,
139, 68, 162,
140, 68, 118,
139, 68, 118,
140, 68, 162,
140, 68, 162,
139, 68, 162,
140, 68, 118,
139, 68, 118,
139, 68, 118,
140, 29, 118,
139, 29, 118,
140, 68, 118,
140, 68, 118,
139, 68, 118,
140, 29, 118,
139, 29, 118,
139, 68, 111,
139, 29, 67,
139, 29, 111,
139, 68, 67,
139, 68, 67,
139, 68, 111,
139, 29, 67,
139, 29, 111,
140, 29, 111,
139, 29, 67,
140, 29, 67,
139, 29, 111,
139, 29, 111,
140, 29, 111,
139, 29, 67,
140, 29, 67,
140, 29, 111,
139, 68, 111,
139, 29, 111,
140, 68, 111,
140, 68, 111,
140, 29, 111,
139, 68, 111,
139, 29, 111,
139, 68, 111,
140, 68, 67,
139, 68, 67,
140, 68, 111,
140, 68, 111,
139, 68, 111,
140, 68, 67,
139, 68, 67,
139, 68, 67,
140, 29, 67,
139, 29, 67,
140, 68, 67,
140, 68, 67,
139, 68, 67,
140, 29, 67,
139, 29, 67,
139, 125, 60,
139, 85, 17,
139, 85, 60,
139, 125, 17,
139, 125, 17,
139, 125, 60,
139, 85, 17,
139, 85, 60,
140, 85, 60,
139, 125, 60,
139, 85, 60,
140, 125, 60,
140, 125, 60,
140, 85, 60,
139, 125, 60,
139, 85, 60,
139, 125, 60,
140, 125, 17,
139, 125, 17,
140, 125, 60,
140, 125, 60,
139, 125, 60,
140, 125, 17,
139, 125, 17,
139, 125, 17,
140, 85, 17,
139, 85, 17,
140, 125, 17,
140, 125, 17,
139, 125, 17,
140, 85, 17,
139, 85, 17,
140, 85, 60,
139, 85, 17,
140, 85, 17,
139, 85, 60,
139, 85, 60,
140, 85, 60,
139, 85, 17,
140, 85, 17,
139, 68, 60,
139, 29, 17,
139, 29, 60,
139, 68, 17,
139, 68, 17,
139, 68, 60,
139, 29, 17,
139, 29, 60,
140, 29, 60,
139, 68, 60,
139, 29, 60,
140, 68, 60,
140, 68, 60,
140, 29, 60,
139, 68, 60,
139, 29, 60,
139, 68, 60,
140, 68, 17,
139, 68, 17,
140, 68, 60,
140, 68, 60,
139, 68, 60,
140, 68, 17,
139, 68, 17,
139, 68, 17,
140, 29, 17,
139, 29, 17,
140, 68, 17,
140, 68, 17,
139, 68, 17,
140, 29, 17,
139, 29, 17,
140, 29, 60,
139, 29, 17,
140, 29, 17,
139, 29, 60,
139, 29, 60,
140, 29, 60,
139, 29, 17,
140, 29, 17,
15, 68, 162,
15, 29, 118,
15, 29, 162,
15, 68, 118,
15, 68, 118,
15, 68, 162,
15, 29, 118,
15, 29, 162,
14, 29, 162,
15, 29, 118,
14, 29, 118,
15, 29, 162,
15, 29, 162,
14, 29, 162,
15, 29, 118,
14, 29, 118,
14, 68, 162,
15, 29, 162,
14, 29, 162,
15, 68, 162,
15, 68, 162,
14, 68, 162,
15, 29, 162,
14, 29, 162,
15, 68, 162,
14, 68, 118,
15, 68, 118,
14, 68, 162,
14, 68, 162,
15, 68, 162,
14, 68, 118,
15, 68, 118,
15, 29, 118,
14, 68, 118,
14, 29, 118,
15, 68, 118,
15, 68, 118,
15, 29, 118,
14, 68, 118,
14, 29, 118,
15, 125, 162,
15, 85, 118,
15, 85, 162,
15, 125, 118,
15, 125, 118,
15, 125, 162,
15, 85, 118,
15, 85, 162,
15, 125, 162,
14, 125, 118,
15, 125, 118,
14, 125, 162,
14, 125, 162,
15, 125, 162,
14, 125, 118,
15, 125, 118,
15, 85, 118,
14, 125, 118,
14, 85, 118,
15, 125, 118,
15, 125, 118,
15, 85, 118,
14, 125, 118,
14, 85, 118,
14, 85, 162,
15, 85, 118,
14, 85, 118,
15, 85, 162,
15, 85, 162,
14, 85, 162,
15, 85, 118,
14, 85, 118,
14, 125, 162,
15, 85, 162,
14, 85, 162,
15, 125, 162,
15, 125, 162,
14, 125, 162,
15, 85, 162,
14, 85, 162,
15, 125, 60,
15, 85, 17,
15, 85, 60,
15, 125, 17,
15, 125, 17,
15, 125, 60,
15, 85, 17,
15, 85, 60,
14, 125, 60,
15, 85, 60,
14, 85, 60,
15, 125, 60,
15, 125, 60,
14, 125, 60,
15, 85, 60,
14, 85, 60,
15, 125, 60,
14, 125, 17,
15, 125, 17,
14, 125, 60,
14, 125, 60,
15, 125, 60,
14, 125, 17,
15, 125, 17,
15, 85, 17,
14, 125, 17,
14, 85, 17,
15, 125, 17,
15, 125, 17,
15, 85, 17,
14, 125, 17,
14, 85, 17,
14, 85, 60,
15, 85, 17,
14, 85, 17,
15, 85, 60,
15, 85, 60,
14, 85, 60,
15, 85, 17,
14, 85, 17,
15, 125, 111,
15, 85, 67,
15, 85, 111,
15, 125, 67,
15, 125, 67,
15, 125, 111,
15, 85, 67,
15, 85, 111,
15, 125, 111,
14, 125, 67,
15, 125, 67,
14, 125, 111,
14, 125, 111,
15, 125, 111,
14, 125, 67,
15, 125, 67,
15, 85, 67,
14, 125, 67,
14, 85, 67,
15, 125, 67,
15, 125, 67,
15, 85, 67,
14, 125, 67,
14, 85, 67,
14, 85, 111,
15, 85, 67,
14, 85, 67,
15, 85, 111,
15, 85, 111,
14, 85, 111,
15, 85, 67,
14, 85, 67,
14, 125, 111,
15, 85, 111,
14, 85, 111,
15, 125, 111,
15, 125, 111,
14, 125, 111,
15, 85, 111,
14, 85, 111,
15, 68, 111,
15, 29, 67,
15, 29, 111,
15, 68, 67,
15, 68, 67,
15, 68, 111,
15, 29, 67,
15, 29, 111,
14, 29, 111,
15, 29, 67,
14, 29, 67,
15, 29, 111,
15, 29, 111,
14, 29, 111,
15, 29, 67,
14, 29, 67,
14, 68, 111,
15, 29, 111,
14, 29, 111,
15, 68, 111,
15, 68, 111,
14, 68, 111,
15, 29, 111,
14, 29, 111,
15, 68, 111,
14, 68, 67,
15, 68, 67,
14, 68, 111,
14, 68, 111,
15, 68, 111,
14, 68, 67,
15, 68, 67,
15, 29, 67,
14, 68, 67,
14, 29, 67,
15, 68, 67,
15, 68, 67,
15, 29, 67,
14, 68, 67,
14, 29, 67,
15, 68, 60,
15, 29, 17,
15, 29, 60,
15, 68, 17,
15, 68, 17,
15, 68, 60,
15, 29, 17,
15, 29, 60,
14, 68, 60,
15, 29, 60,
14, 29, 60,
15, 68, 60,
15, 68, 60,
14, 68, 60,
15, 29, 60,
14, 29, 60,
15, 68, 60,
14, 68, 17,
15, 68, 17,
14, 68, 60,
14, 68, 60,
15, 68, 60,
14, 68, 17,
15, 68, 17,
15, 29, 17,
14, 68, 17,
14, 29, 17,
15, 68, 17,
15, 68, 17,
15, 29, 17,
14, 68, 17,
14, 29, 17,
14, 29, 60,
15, 29, 17,
14, 29, 17,
15, 29, 60,
15, 29, 60,
14, 29, 60,
15, 29, 17,
14, 29, 17,
68, 140, 17,
29, 139, 17,
29, 140, 17,
68, 139, 17,
68, 139, 17,
68, 140, 17,
29, 139, 17,
29, 140, 17,
68, 140, 17,
68, 139, 60,
68, 139, 17,
68, 140, 60,
68, 140, 60,
68, 140, 17,
68, 139, 60,
68, 139, 17,
68, 139, 60,
29, 139, 17,
68, 139, 17,
29, 139, 60,
29, 139, 60,
68, 139, 60,
29, 139, 17,
68, 139, 17,
29, 140, 60,
29, 139, 17,
29, 139, 60,
29, 140, 17,
29, 140, 17,
29, 140, 60,
29, 139, 17,
29, 139, 60,
68, 139, 60,
29, 140, 60,
29, 139, 60,
68, 140, 60,
68, 140, 60,
68, 139, 60,
29, 140, 60,
29, 139, 60,
55, 15, 212,
42, 15, 192,
55, 15, 192,
42, 15, 212,
42, 15, 212,
55, 15, 212,
42, 15, 192,
55, 15, 192,
55, 15, 191,
42, 15, 170,
55, 15, 170,
42, 15, 191,
42, 15, 191,
55, 15, 191,
42, 15, 170,
55, 15, 170,
41, 15, 191,
30, 15, 170,
41, 15, 170,
30, 15, 191,
30, 15, 191,
41, 15, 191,
30, 15, 170,
41, 15, 170,
30, 15, 170,
30, 14, 191,
30, 14, 170,
30, 15, 191,
30, 15, 191,
30, 15, 170,
30, 14, 191,
30, 14, 170,
41, 14, 170,
30, 15, 170,
30, 14, 170,
41, 15, 170,
41, 15, 170,
41, 14, 170,
30, 15, 170,
30, 14, 170,
41, 15, 191,
30, 14, 191,
30, 15, 191,
41, 14, 191,
41, 14, 191,
41, 15, 191,
30, 14, 191,
30, 15, 191,
41, 15, 212,
30, 15, 192,
41, 15, 192,
30, 15, 212,
30, 15, 212,
41, 15, 212,
30, 15, 192,
41, 15, 192,
124, 15, 212,
112, 15, 192,
124, 15, 192,
112, 15, 212,
112, 15, 212,
124, 15, 212,
112, 15, 192,
124, 15, 192,
98, 15, 212,
86, 15, 192,
98, 15, 192,
86, 15, 212,
86, 15, 212,
98, 15, 212,
86, 15, 192,
98, 15, 192,
111, 15, 191,
99, 15, 170,
111, 15, 170,
99, 15, 191,
99, 15, 191,
111, 15, 191,
99, 15, 170,
111, 15, 170,
111, 15, 212,
99, 15, 192,
111, 15, 192,
99, 15, 212,
99, 15, 212,
111, 15, 212,
99, 15, 192,
111, 15, 192,
124, 15, 191,
112, 15, 170,
124, 15, 170,
112, 15, 191,
112, 15, 191,
124, 15, 191,
112, 15, 170,
124, 15, 170,
124, 14, 170,
112, 15, 170,
112, 14, 170,
124, 15, 170,
124, 15, 170,
124, 14, 170,
112, 15, 170,
112, 14, 170,
124, 15, 191,
124, 14, 170,
124, 14, 191,
124, 15, 170,
124, 15, 170,
124, 15, 191,
124, 14, 170,
124, 14, 191,
124, 15, 191,
112, 14, 191,
112, 15, 191,
124, 14, 191,
124, 14, 191,
124, 15, 191,
112, 14, 191,
112, 15, 191,
112, 15, 170,
112, 14, 191,
112, 14, 170,
112, 15, 191,
112, 15, 191,
112, 15, 170,
112, 14, 191,
112, 14, 170,
98, 15, 191,
86, 15, 170,
98, 15, 170,
86, 15, 191,
86, 15, 191,
98, 15, 191,
86, 15, 170,
98, 15, 170,
98, 15, 191,
86, 14, 191,
86, 15, 191,
98, 14, 191,
98, 14, 191,
98, 15, 191,
86, 14, 191,
86, 15, 191,
86, 15, 170,
86, 14, 191,
86, 14, 170,
86, 15, 191,
86, 15, 191,
86, 15, 170,
86, 14, 191,
86, 14, 170,
98, 14, 170,
86, 15, 170,
86, 14, 170,
98, 15, 170,
98, 15, 170,
98, 14, 170,
86, 15, 170,
86, 14, 170,
98, 15, 191,
98, 14, 170,
98, 14, 191,
98, 15, 170,
98, 15, 170,
98, 15, 191,
98, 14, 170,
98, 14, 191,
29, 140, 162,
29, 139, 118,
29, 139, 162,
29, 140, 118,
29, 140, 118,
29, 140, 162,
29, 139, 118,
29, 139, 162,
68, 140, 118,
29, 139, 118,
29, 140, 118,
68, 139, 118,
68, 139, 118,
68, 140, 118,
29, 139, 118,
29, 140, 118,
68, 139, 162,
29, 139, 118,
68, 139, 118,
29, 139, 162,
29, 139, 162,
68, 139, 162,
29, 139, 118,
68, 139, 118,
68, 139, 162,
29, 140, 162,
29, 139, 162,
68, 140, 162,
68, 140, 162,
68, 139, 162,
29, 140, 162,
29, 139, 162,
68, 140, 118,
68, 139, 162,
68, 139, 118,
68, 140, 162,
68, 140, 162,
68, 140, 118,
68, 139, 162,
68, 139, 118,
125, 139, 111,
85, 140, 111,
85, 139, 111,
125, 140, 111,
125, 140, 111,
125, 139, 111,
85, 140, 111,
85, 139, 111,
85, 140, 111,
85, 139, 67,
85, 139, 111,
85, 140, 67,
85, 140, 67,
85, 140, 111,
85, 139, 67,
85, 139, 111,
125, 139, 111,
85, 139, 67,
125, 139, 67,
85, 139, 111,
85, 139, 111,
125, 139, 111,
85, 139, 67,
125, 139, 67,
125, 140, 67,
125, 139, 111,
125, 139, 67,
125, 140, 111,
125, 140, 111,
125, 140, 67,
125, 139, 111,
125, 139, 67,
125, 140, 67,
85, 139, 67,
85, 140, 67,
125, 139, 67,
125, 139, 67,
125, 140, 67,
85, 139, 67,
85, 140, 67,
125, 140, 118,
125, 139, 162,
125, 139, 118,
125, 140, 162,
125, 140, 162,
125, 140, 118,
125, 139, 162,
125, 139, 118,
125, 139, 162,
85, 140, 162,
85, 139, 162,
125, 140, 162,
125, 140, 162,
125, 139, 162,
85, 140, 162,
85, 139, 162,
125, 139, 162,
85, 139, 118,
125, 139, 118,
85, 139, 162,
85, 139, 162,
125, 139, 162,
85, 139, 118,
125, 139, 118,
125, 140, 118,
85, 139, 118,
85, 140, 118,
125, 139, 118,
125, 139, 118,
125, 140, 118,
85, 139, 118,
85, 140, 118,
85, 140, 162,
85, 139, 118,
85, 139, 162,
85, 140, 118,
85, 140, 118,
85, 140, 162,
85, 139, 118,
85, 139, 162,
125, 140, 17,
85, 139, 17,
85, 140, 17,
125, 139, 17,
125, 139, 17,
125, 140, 17,
85, 139, 17,
85, 140, 17,
125, 140, 17,
125, 139, 60,
125, 139, 17,
125, 140, 60,
125, 140, 60,
125, 140, 17,
125, 139, 60,
125, 139, 17,
125, 139, 60,
85, 139, 17,
125, 139, 17,
85, 139, 60,
85, 139, 60,
125, 139, 60,
85, 139, 17,
125, 139, 17,
85, 140, 60,
85, 139, 17,
85, 139, 60,
85, 140, 17,
85, 140, 17,
85, 140, 60,
85, 139, 17,
85, 139, 60,
125, 139, 60,
85, 140, 60,
85, 139, 60,
125, 140, 60,
125, 140, 60,
125, 139, 60,
85, 140, 60,
85, 139, 60,
68, 139, 111,
29, 140, 111,
29, 139, 111,
68, 140, 111,
68, 140, 111,
68, 139, 111,
29, 140, 111,
29, 139, 111,
29, 140, 111,
29, 139, 67,
29, 139, 111,
29, 140, 67,
29, 140, 67,
29, 140, 111,
29, 139, 67,
29, 139, 111,
68, 139, 111,
29, 139, 67,
68, 139, 67,
29, 139, 111,
29, 139, 111,
68, 139, 111,
29, 139, 67,
68, 139, 67,
68, 140, 67,
68, 139, 111,
68, 139, 67,
68, 140, 111,
68, 140, 111,
68, 140, 67,
68, 139, 111,
68, 139, 67,
68, 140, 67,
29, 139, 67,
29, 140, 67,
68, 139, 67,
68, 139, 67,
68, 140, 67,
29, 139, 67,
29, 140, 67,
67, 15, 212,
56, 15, 192,
67, 15, 192,
56, 15, 212,
56, 15, 212,
67, 15, 212,
56, 15, 192,
67, 15, 192,
67, 15, 191,
56, 15, 170,
67, 15, 170,
56, 15, 191,
56, 15, 191,
67, 15, 191,
56, 15, 170,
67, 15, 170,
56, 15, 170,
56, 14, 191,
56, 14, 170,
56, 15, 191,
56, 15, 191,
56, 15, 170,
56, 14, 191,
56, 14, 170,
67, 14, 170,
56, 15, 170,
56, 14, 170,
67, 15, 170,
67, 15, 170,
67, 14, 170,
56, 15, 170,
56, 14, 170,
67, 15, 191,
67, 14, 170,
67, 14, 191,
67, 15, 170,
67, 15, 170,
67, 15, 191,
67, 14, 170,
67, 14, 191,
67, 15, 191,
56, 14, 191,
56, 15, 191,
67, 14, 191,
67, 14, 191,
67, 15, 191,
56, 14, 191,
56, 15, 191,
139, 55, 191,
139, 42, 170,
139, 42, 191,
139, 55, 170,
139, 55, 170,
139, 55, 191,
139, 42, 170,
139, 42, 191,
139, 67, 191,
139, 56, 170,
139, 56, 191,
139, 67, 170,
139, 67, 170,
139, 67, 191,
139, 56, 170,
139, 56, 191,
140, 56, 191,
139, 67, 191,
139, 56, 191,
140, 67, 191,
140, 67, 191,
140, 56, 191,
139, 67, 191,
139, 56, 191,
139, 67, 191,
140, 67, 170,
139, 67, 170,
140, 67, 191,
140, 67, 191,
139, 67, 191,
140, 67, 170,
139, 67, 170,
139, 67, 170,
140, 56, 170,
139, 56, 170,
140, 67, 170,
140, 67, 170,
139, 67, 170,
140, 56, 170,
139, 56, 170,
140, 56, 191,
139, 56, 170,
140, 56, 170,
139, 56, 191,
139, 56, 191,
140, 56, 191,
139, 56, 170,
140, 56, 170,
139, 55, 212,
139, 42, 192,
139, 42, 212,
139, 55, 192,
139, 55, 192,
139, 55, 212,
139, 42, 192,
139, 42, 212,
139, 67, 212,
139, 56, 192,
139, 56, 212,
139, 67, 192,
139, 67, 192,
139, 67, 212,
139, 56, 192,
139, 56, 212,
139, 41, 191,
139, 30, 170,
139, 30, 191,
139, 41, 170,
139, 41, 170,
139, 41, 191,
139, 30, 170,
139, 30, 191,
139, 41, 170,
140, 30, 170,
139, 30, 170,
140, 41, 170,
140, 41, 170,
139, 41, 170,
140, 30, 170,
139, 30, 170,
140, 30, 191,
139, 30, 170,
140, 30, 170,
139, 30, 191,
139, 30, 191,
140, 30, 191,
139, 30, 170,
140, 30, 170,
140, 30, 191,
139, 41, 191,
139, 30, 191,
140, 41, 191,
140, 41, 191,
140, 30, 191,
139, 41, 191,
139, 30, 191,
139, 41, 191,
140, 41, 170,
139, 41, 170,
140, 41, 191,
140, 41, 191,
139, 41, 191,
140, 41, 170,
139, 41, 170,
139, 41, 212,
139, 30, 192,
139, 30, 212,
139, 41, 192,
139, 41, 192,
139, 41, 212,
139, 30, 192,
139, 30, 212,
139, 111, 191,
139, 99, 170,
139, 99, 191,
139, 111, 170,
139, 111, 170,
139, 111, 191,
139, 99, 170,
139, 99, 191,
139, 124, 191,
139, 112, 170,
139, 112, 191,
139, 124, 170,
139, 124, 170,
139, 124, 191,
139, 112, 170,
139, 112, 191,
140, 112, 191,
139, 124, 191,
139, 112, 191,
140, 124, 191,
140, 124, 191,
140, 112, 191,
139, 124, 191,
139, 112, 191,
139, 124, 191,
140, 124, 170,
139, 124, 170,
140, 124, 191,
140, 124, 191,
139, 124, 191,
140, 124, 170,
139, 124, 170,
139, 124, 170,
140, 112, 170,
139, 112, 170,
140, 124, 170,
140, 124, 170,
139, 124, 170,
140, 112, 170,
139, 112, 170,
140, 112, 191,
139, 112, 170,
140, 112, 170,
139, 112, 191,
139, 112, 191,
140, 112, 191,
139, 112, 170,
140, 112, 170,
139, 124, 212,
139, 112, 192,
139, 112, 212,
139, 124, 192,
139, 124, 192,
139, 124, 212,
139, 112, 192,
139, 112, 212,
139, 111, 212,
139, 99, 192,
139, 99, 212,
139, 111, 192,
139, 111, 192,
139, 111, 212,
139, 99, 192,
139, 99, 212,
139, 98, 212,
139, 86, 192,
139, 86, 212,
139, 98, 192,
139, 98, 192,
139, 98, 212,
139, 86, 192,
139, 86, 212,
139, 98, 191,
139, 86, 170,
139, 86, 191,
139, 98, 170,
139, 98, 170,
139, 98, 191,
139, 86, 170,
139, 86, 191,
140, 98, 170,
139, 86, 170,
139, 98, 170,
140, 86, 170,
140, 86, 170,
140, 98, 170,
139, 86, 170,
139, 98, 170,
140, 86, 191,
139, 86, 170,
140, 86, 170,
139, 86, 191,
139, 86, 191,
140, 86, 191,
139, 86, 170,
140, 86, 170,
139, 86, 191,
140, 98, 191,
139, 98, 191,
140, 86, 191,
140, 86, 191,
139, 86, 191,
140, 98, 191,
139, 98, 191,
139, 98, 191,
140, 98, 170,
139, 98, 170,
140, 98, 191,
140, 98, 191,
139, 98, 191,
140, 98, 170,
139, 98, 170,
124, 139, 191,
112, 139, 170,
124, 139, 170,
112, 139, 191,
112, 139, 191,
124, 139, 191,
112, 139, 170,
124, 139, 170,
124, 140, 170,
112, 139, 170,
112, 140, 170,
124, 139, 170,
124, 139, 170,
124, 140, 170,
112, 139, 170,
112, 140, 170,
124, 140, 170,
124, 139, 191,
124, 139, 170,
124, 140, 191,
124, 140, 191,
124, 140, 170,
124, 139, 191,
124, 139, 170,
124, 139, 191,
112, 140, 191,
112, 139, 191,
124, 140, 191,
124, 140, 191,
124, 139, 191,
112, 140, 191,
112, 139, 191,
112, 140, 191,
112, 139, 170,
112, 139, 191,
112, 140, 170,
112, 140, 170,
112, 140, 191,
112, 139, 170,
112, 139, 191,
41, 139, 191,
30, 139, 170,
41, 139, 170,
30, 139, 191,
30, 139, 191,
41, 139, 191,
30, 139, 170,
41, 139, 170,
41, 139, 191,
30, 140, 191,
30, 139, 191,
41, 140, 191,
41, 140, 191,
41, 139, 191,
30, 140, 191,
30, 139, 191,
30, 140, 191,
30, 139, 170,
30, 139, 191,
30, 140, 170,
30, 140, 170,
30, 140, 191,
30, 139, 170,
30, 139, 191,
41, 140, 170,
30, 139, 170,
30, 140, 170,
41, 139, 170,
41, 139, 170,
41, 140, 170,
30, 139, 170,
30, 140, 170,
41, 139, 170,
41, 140, 191,
41, 139, 191,
41, 140, 170,
41, 140, 170,
41, 139, 170,
41, 140, 191,
41, 139, 191,
55, 139, 191,
42, 139, 170,
55, 139, 170,
42, 139, 191,
42, 139, 191,
55, 139, 191,
42, 139, 170,
55, 139, 170,
55, 139, 212,
42, 139, 192,
55, 139, 192,
42, 139, 212,
42, 139, 212,
55, 139, 212,
42, 139, 192,
55, 139, 192,
98, 139, 191,
86, 139, 170,
98, 139, 170,
86, 139, 191,
86, 139, 191,
98, 139, 191,
86, 139, 170,
98, 139, 170,
98, 139, 191,
86, 140, 191,
86, 139, 191,
98, 140, 191,
98, 140, 191,
98, 139, 191,
86, 140, 191,
86, 139, 191,
86, 140, 191,
86, 139, 170,
86, 139, 191,
86, 140, 170,
86, 140, 170,
86, 140, 191,
86, 139, 170,
86, 139, 191,
98, 140, 170,
86, 139, 170,
86, 140, 170,
98, 139, 170,
98, 139, 170,
98, 140, 170,
86, 139, 170,
86, 140, 170,
98, 140, 170,
98, 139, 191,
98, 139, 170,
98, 140, 191,
98, 140, 191,
98, 140, 170,
98, 139, 191,
98, 139, 170,
124, 139, 212,
112, 139, 192,
124, 139, 192,
112, 139, 212,
112, 139, 212,
124, 139, 212,
112, 139, 192,
124, 139, 192,
67, 139, 191,
56, 139, 170,
67, 139, 170,
56, 139, 191,
56, 139, 191,
67, 139, 191,
56, 139, 170,
67, 139, 170,
67, 140, 170,
56, 139, 170,
56, 140, 170,
67, 139, 170,
67, 139, 170,
67, 140, 170,
56, 139, 170,
56, 140, 170,
67, 140, 170,
67, 139, 191,
67, 139, 170,
67, 140, 191,
67, 140, 191,
67, 140, 170,
67, 139, 191,
67, 139, 170,
67, 139, 191,
56, 140, 191,
56, 139, 191,
67, 140, 191,
67, 140, 191,
67, 139, 191,
56, 140, 191,
56, 139, 191,
56, 140, 191,
56, 139, 170,
56, 139, 191,
56, 140, 170,
56, 140, 170,
56, 140, 191,
56, 139, 170,
56, 139, 191,
98, 139, 212,
86, 139, 192,
98, 139, 192,
86, 139, 212,
86, 139, 212,
98, 139, 212,
86, 139, 192,
98, 139, 192,
111, 139, 191,
99, 139, 170,
111, 139, 170,
99, 139, 191,
99, 139, 191,
111, 139, 191,
99, 139, 170,
111, 139, 170,
111, 139, 212,
99, 139, 192,
111, 139, 192,
99, 139, 212,
99, 139, 212,
111, 139, 212,
99, 139, 192,
111, 139, 192,
41, 139, 212,
30, 139, 192,
41, 139, 192,
30, 139, 212,
30, 139, 212,
41, 139, 212,
30, 139, 192,
41, 139, 192,
67, 139, 212,
56, 139, 192,
67, 139, 192,
56, 139, 212,
56, 139, 212,
67, 139, 212,
56, 139, 192,
67, 139, 192,
15, 55, 170,
15, 42, 191,
15, 42, 170,
15, 55, 191,
15, 55, 191,
15, 55, 170,
15, 42, 191,
15, 42, 170,
15, 124, 170,
15, 112, 191,
15, 112, 170,
15, 124, 191,
15, 124, 191,
15, 124, 170,
15, 112, 191,
15, 112, 170,
15, 124, 170,
14, 112, 170,
14, 124, 170,
15, 112, 170,
15, 112, 170,
15, 124, 170,
14, 112, 170,
14, 124, 170,
14, 124, 191,
15, 124, 170,
14, 124, 170,
15, 124, 191,
15, 124, 191,
14, 124, 191,
15, 124, 170,
14, 124, 170,
14, 112, 191,
15, 124, 191,
14, 124, 191,
15, 112, 191,
15, 112, 191,
14, 112, 191,
15, 124, 191,
14, 124, 191,
15, 112, 191,
14, 112, 170,
15, 112, 170,
14, 112, 191,
14, 112, 191,
15, 112, 191,
14, 112, 170,
15, 112, 170,
15, 41, 170,
15, 30, 191,
15, 30, 170,
15, 41, 191,
15, 41, 191,
15, 41, 170,
15, 30, 191,
15, 30, 170,
15, 30, 191,
14, 41, 191,
14, 30, 191,
15, 41, 191,
15, 41, 191,
15, 30, 191,
14, 41, 191,
14, 30, 191,
15, 30, 191,
14, 30, 170,
15, 30, 170,
14, 30, 191,
14, 30, 191,
15, 30, 191,
14, 30, 170,
15, 30, 170,
14, 41, 170,
15, 30, 170,
14, 30, 170,
15, 41, 170,
15, 41, 170,
14, 41, 170,
15, 30, 170,
14, 30, 170,
14, 41, 191,
15, 41, 170,
14, 41, 170,
15, 41, 191,
15, 41, 191,
14, 41, 191,
15, 41, 170,
14, 41, 170,
15, 56, 170,
15, 67, 191,
15, 56, 191,
15, 67, 170,
15, 67, 170,
15, 56, 170,
15, 67, 191,
15, 56, 191,
15, 67, 170,
14, 56, 170,
14, 67, 170,
15, 56, 170,
15, 56, 170,
15, 67, 170,
14, 56, 170,
14, 67, 170,
14, 67, 191,
15, 67, 170,
14, 67, 170,
15, 67, 191,
15, 67, 191,
14, 67, 191,
15, 67, 170,
14, 67, 170,
14, 56, 191,
15, 67, 191,
14, 67, 191,
15, 56, 191,
15, 56, 191,
14, 56, 191,
15, 67, 191,
14, 67, 191,
15, 56, 191,
14, 56, 170,
15, 56, 170,
14, 56, 191,
14, 56, 191,
15, 56, 191,
14, 56, 170,
15, 56, 170,
15, 86, 192,
15, 98, 212,
15, 86, 212,
15, 98, 192,
15, 98, 192,
15, 86, 192,
15, 98, 212,
15, 86, 212,
15, 111, 192,
15, 99, 212,
15, 99, 192,
15, 111, 212,
15, 111, 212,
15, 111, 192,
15, 99, 212,
15, 99, 192,
15, 98, 170,
15, 86, 191,
15, 86, 170,
15, 98, 191,
15, 98, 191,
15, 98, 170,
15, 86, 191,
15, 86, 170,
14, 86, 191,
15, 98, 191,
14, 98, 191,
15, 86, 191,
15, 86, 191,
14, 86, 191,
15, 98, 191,
14, 98, 191,
15, 86, 191,
14, 86, 170,
15, 86, 170,
14, 86, 191,
14, 86, 191,
15, 86, 191,
14, 86, 170,
15, 86, 170,
15, 98, 170,
14, 86, 170,
14, 98, 170,
15, 86, 170,
15, 86, 170,
15, 98, 170,
14, 86, 170,
14, 98, 170,
14, 98, 191,
15, 98, 170,
14, 98, 170,
15, 98, 191,
15, 98, 191,
14, 98, 191,
15, 98, 170,
14, 98, 170,
15, 111, 170,
15, 99, 191,
15, 99, 170,
15, 111, 191,
15, 111, 191,
15, 111, 170,
15, 99, 191,
15, 99, 170,
15, 67, 192,
15, 56, 212,
15, 56, 192,
15, 67, 212,
15, 67, 212,
15, 67, 192,
15, 56, 212,
15, 56, 192,
15, 124, 192,
15, 112, 212,
15, 112, 192,
15, 124, 212,
15, 124, 212,
15, 124, 192,
15, 112, 212,
15, 112, 192,
15, 42, 192,
15, 55, 212,
15, 42, 212,
15, 55, 192,
15, 55, 192,
15, 42, 192,
15, 55, 212,
15, 42, 212,
15, 30, 192,
15, 41, 212,
15, 30, 212,
15, 41, 192,
15, 41, 192,
15, 30, 192,
15, 41, 212,
15, 30, 212,
14, 85, 169,
14, 86, 170,
14, 85, 213,
14, 125, 169,
14, 86, 212,
14, 98, 170,
14, 99, 170,
14, 98, 191,
14, 98, 192,
14, 98, 212,
14, 111, 170,
14, 112, 170,
14, 111, 191,
14, 111, 192,
14, 111, 212,
14, 124, 170,
14, 124, 191,
14, 124, 192,
14, 124, 212,
14, 125, 213,
14, 99, 212,
14, 99, 192,
14, 99, 191,
14, 112, 212,
14, 112, 191,
14, 112, 192,
14, 86, 192,
14, 86, 191,
14, 98, 192,
14, 98, 191,
14, 86, 192,
14, 86, 191,
14, 86, 170,
14, 86, 212,
14, 111, 192,
14, 111, 191,
14, 99, 192,
14, 99, 191,
14, 124, 192,
14, 124, 191,
14, 112, 192,
14, 112, 191,
14, 125, 169,
14, 124, 212,
14, 125, 213,
14, 112, 212,
14, 112, 170,
14, 111, 212,
14, 99, 212,
14, 99, 170,
14, 98, 212,
14, 85, 213,
14, 124, 170,
14, 111, 170,
14, 98, 170,
14, 85, 169,
14, 124, 212,
15, 124, 192,
14, 124, 192,
15, 124, 212,
15, 124, 212,
14, 124, 212,
15, 124, 192,
14, 124, 192,
15, 124, 192,
14, 112, 192,
14, 124, 192,
15, 112, 192,
15, 112, 192,
15, 124, 192,
14, 112, 192,
14, 124, 192,
14, 112, 212,
15, 124, 212,
14, 124, 212,
15, 112, 212,
15, 112, 212,
14, 112, 212,
15, 124, 212,
14, 124, 212,
15, 112, 212,
14, 112, 192,
15, 112, 192,
14, 112, 212,
14, 112, 212,
15, 112, 212,
14, 112, 192,
15, 112, 192,
14, 111, 191,
15, 111, 170,
14, 111, 170,
15, 111, 191,
15, 111, 191,
14, 111, 191,
15, 111, 170,
14, 111, 170,
15, 111, 170,
14, 99, 170,
14, 111, 170,
15, 99, 170,
15, 99, 170,
15, 111, 170,
14, 99, 170,
14, 111, 170,
14, 99, 191,
15, 111, 191,
14, 111, 191,
15, 99, 191,
15, 99, 191,
14, 99, 191,
15, 111, 191,
14, 111, 191,
15, 99, 191,
14, 99, 170,
15, 99, 170,
14, 99, 191,
14, 99, 191,
15, 99, 191,
14, 99, 170,
15, 99, 170,
15, 99, 212,
14, 99, 192,
15, 99, 192,
14, 99, 212,
14, 99, 212,
15, 99, 212,
14, 99, 192,
15, 99, 192,
14, 99, 212,
15, 111, 212,
14, 111, 212,
15, 99, 212,
15, 99, 212,
14, 99, 212,
15, 111, 212,
14, 111, 212,
15, 111, 192,
14, 99, 192,
14, 111, 192,
15, 99, 192,
15, 99, 192,
15, 111, 192,
14, 99, 192,
14, 111, 192,
14, 111, 212,
15, 111, 192,
14, 111, 192,
15, 111, 212,
15, 111, 212,
14, 111, 212,
15, 111, 192,
14, 111, 192,
15, 86, 212,
14, 86, 192,
15, 86, 192,
14, 86, 212,
14, 86, 212,
15, 86, 212,
14, 86, 192,
15, 86, 192,
14, 86, 212,
15, 98, 212,
14, 98, 212,
15, 86, 212,
15, 86, 212,
14, 86, 212,
15, 98, 212,
14, 98, 212,
15, 98, 192,
14, 86, 192,
14, 98, 192,
15, 86, 192,
15, 86, 192,
15, 98, 192,
14, 86, 192,
14, 98, 192,
14, 98, 212,
15, 98, 192,
14, 98, 192,
15, 98, 212,
15, 98, 212,
14, 98, 212,
15, 98, 192,
14, 98, 192,
14, 30, 191,
14, 30, 212,
14, 30, 170,
14, 30, 192,
14, 41, 191,
14, 41, 192,
14, 29, 169,
14, 29, 213,
14, 68, 169,
14, 41, 170,
14, 42, 170,
14, 42, 212,
14, 55, 170,
14, 56, 170,
14, 55, 191,
14, 55, 192,
14, 56, 191,
14, 67, 170,
14, 67, 191,
14, 67, 192,
14, 67, 212,
14, 68, 213,
14, 41, 212,
14, 55, 212,
14, 56, 212,
14, 56, 192,
14, 42, 192,
14, 42, 191,
14, 55, 192,
14, 55, 191,
14, 42, 192,
14, 42, 191,
14, 42, 170,
14, 42, 212,
14, 67, 192,
14, 67, 191,
14, 56, 192,
14, 56, 191,
14, 68, 169,
14, 67, 212,
14, 68, 213,
14, 56, 212,
14, 55, 212,
14, 41, 192,
14, 41, 212,
14, 30, 212,
14, 30, 170,
14, 29, 213,
14, 67, 170,
14, 56, 170,
14, 55, 170,
14, 41, 191,
14, 41, 170,
14, 29, 169,
14, 30, 192,
14, 30, 191,
15, 56, 212,
14, 56, 192,
15, 56, 192,
14, 56, 212,
14, 56, 212,
15, 56, 212,
14, 56, 192,
15, 56, 192,
14, 56, 212,
15, 67, 212,
14, 67, 212,
15, 56, 212,
15, 56, 212,
14, 56, 212,
15, 67, 212,
14, 67, 212,
15, 67, 192,
14, 56, 192,
14, 67, 192,
15, 56, 192,
15, 56, 192,
15, 67, 192,
14, 56, 192,
14, 67, 192,
14, 67, 212,
15, 67, 192,
14, 67, 192,
15, 67, 212,
15, 67, 212,
14, 67, 212,
15, 67, 192,
14, 67, 192,
14, 55, 191,
15, 55, 170,
14, 55, 170,
15, 55, 191,
15, 55, 191,
14, 55, 191,
15, 55, 170,
14, 55, 170,
14, 55, 170,
15, 42, 170,
14, 42, 170,
15, 55, 170,
15, 55, 170,
14, 55, 170,
15, 42, 170,
14, 42, 170,
15, 42, 191,
14, 55, 191,
14, 42, 191,
15, 55, 191,
15, 55, 191,
15, 42, 191,
14, 55, 191,
14, 42, 191,
15, 42, 191,
14, 42, 170,
15, 42, 170,
14, 42, 191,
14, 42, 191,
15, 42, 191,
14, 42, 170,
15, 42, 170,
15, 42, 212,
14, 42, 192,
15, 42, 192,
14, 42, 212,
14, 42, 212,
15, 42, 212,
14, 42, 192,
15, 42, 192,
15, 42, 212,
14, 55, 212,
14, 42, 212,
15, 55, 212,
15, 55, 212,
15, 42, 212,
14, 55, 212,
14, 42, 212,
14, 55, 192,
15, 42, 192,
14, 42, 192,
15, 55, 192,
15, 55, 192,
14, 55, 192,
15, 42, 192,
14, 42, 192,
14, 55, 212,
15, 55, 192,
14, 55, 192,
15, 55, 212,
15, 55, 212,
14, 55, 212,
15, 55, 192,
14, 55, 192,
15, 30, 212,
14, 30, 192,
15, 30, 192,
14, 30, 212,
14, 30, 212,
15, 30, 212,
14, 30, 192,
15, 30, 192,
15, 30, 212,
14, 41, 212,
14, 30, 212,
15, 41, 212,
15, 41, 212,
15, 30, 212,
14, 41, 212,
14, 30, 212,
14, 41, 192,
15, 30, 192,
14, 30, 192,
15, 41, 192,
15, 41, 192,
14, 41, 192,
15, 30, 192,
14, 30, 192,
14, 41, 212,
15, 41, 192,
14, 41, 192,
15, 41, 212,
15, 41, 212,
14, 41, 212,
15, 41, 192,
14, 41, 192,
68, 140, 169,
67, 140, 170,
29, 140, 169,
68, 140, 213,
67, 140, 191,
67, 140, 192,
56, 140, 191,
55, 140, 191,
42, 140, 191,
41, 140, 191,
30, 140, 191,
67, 140, 212,
56, 140, 212,
55, 140, 212,
42, 140, 212,
41, 140, 212,
30, 140, 212,
30, 140, 170,
29, 140, 213,
56, 140, 170,
55, 140, 170,
42, 140, 170,
41, 140, 170,
30, 140, 192,
56, 140, 192,
55, 140, 192,
42, 140, 192,
41, 140, 192,
55, 140, 191,
56, 140, 191,
55, 140, 170,
56, 140, 170,
41, 140, 191,
42, 140, 191,
41, 140, 170,
42, 140, 170,
55, 140, 212,
56, 140, 212,
55, 140, 192,
56, 140, 192,
41, 140, 212,
42, 140, 212,
41, 140, 192,
42, 140, 192,
68, 140, 213,
30, 140, 212,
29, 140, 213,
30, 140, 192,
67, 140, 192,
30, 140, 191,
30, 140, 170,
67, 140, 170,
29, 140, 169,
67, 140, 212,
67, 140, 191,
68, 140, 169,
56, 139, 212,
56, 140, 192,
56, 139, 192,
56, 140, 212,
56, 140, 212,
56, 139, 212,
56, 140, 192,
56, 139, 192,
67, 139, 212,
56, 140, 212,
56, 139, 212,
67, 140, 212,
67, 140, 212,
67, 139, 212,
56, 140, 212,
56, 139, 212,
67, 140, 192,
56, 139, 192,
56, 140, 192,
67, 139, 192,
67, 139, 192,
67, 140, 192,
56, 139, 192,
56, 140, 192,
67, 140, 192,
67, 139, 212,
67, 139, 192,
67, 140, 212,
67, 140, 212,
67, 140, 192,
67, 139, 212,
67, 139, 192,
55, 139, 170,
55, 140, 191,
55, 139, 191,
55, 140, 170,
55, 140, 170,
55, 139, 170,
55, 140, 191,
55, 139, 191,
55, 140, 170,
42, 139, 170,
42, 140, 170,
55, 139, 170,
55, 139, 170,
55, 140, 170,
42, 139, 170,
42, 140, 170,
55, 139, 191,
42, 140, 191,
42, 139, 191,
55, 140, 191,
55, 140, 191,
55, 139, 191,
42, 140, 191,
42, 139, 191,
42, 140, 191,
42, 139, 170,
42, 139, 191,
42, 140, 170,
42, 140, 170,
42, 140, 191,
42, 139, 170,
42, 139, 191,
42, 139, 212,
42, 140, 192,
42, 139, 192,
42, 140, 212,
42, 140, 212,
42, 139, 212,
42, 140, 192,
42, 139, 192,
55, 139, 212,
42, 140, 212,
42, 139, 212,
55, 140, 212,
55, 140, 212,
55, 139, 212,
42, 140, 212,
42, 139, 212,
55, 140, 192,
42, 139, 192,
42, 140, 192,
55, 139, 192,
55, 139, 192,
55, 140, 192,
42, 139, 192,
42, 140, 192,
55, 140, 192,
55, 139, 212,
55, 139, 192,
55, 140, 212,
55, 140, 212,
55, 140, 192,
55, 139, 212,
55, 139, 192,
30, 139, 212,
30, 140, 192,
30, 139, 192,
30, 140, 212,
30, 140, 212,
30, 139, 212,
30, 140, 192,
30, 139, 192,
41, 139, 212,
30, 140, 212,
30, 139, 212,
41, 140, 212,
41, 140, 212,
41, 139, 212,
30, 140, 212,
30, 139, 212,
41, 140, 192,
30, 139, 192,
30, 140, 192,
41, 139, 192,
41, 139, 192,
41, 140, 192,
30, 139, 192,
30, 140, 192,
41, 140, 192,
41, 139, 212,
41, 139, 192,
41, 140, 212,
41, 140, 212,
41, 140, 192,
41, 139, 212,
41, 139, 192,
125, 140, 169,
124, 140, 170,
85, 140, 169,
125, 140, 213,
124, 140, 191,
124, 140, 192,
112, 140, 191,
111, 140, 191,
99, 140, 191,
98, 140, 191,
86, 140, 191,
124, 140, 212,
112, 140, 212,
111, 140, 212,
99, 140, 212,
98, 140, 212,
86, 140, 212,
86, 140, 170,
85, 140, 213,
112, 140, 170,
111, 140, 170,
99, 140, 170,
98, 140, 170,
86, 140, 192,
112, 140, 192,
111, 140, 192,
99, 140, 192,
98, 140, 192,
111, 140, 191,
112, 140, 191,
111, 140, 170,
112, 140, 170,
98, 140, 191,
99, 140, 191,
98, 140, 170,
99, 140, 170,
111, 140, 212,
112, 140, 212,
111, 140, 192,
112, 140, 192,
98, 140, 212,
99, 140, 212,
98, 140, 192,
99, 140, 192,
125, 140, 213,
86, 140, 212,
85, 140, 213,
86, 140, 192,
124, 140, 192,
86, 140, 191,
86, 140, 170,
124, 140, 170,
85, 140, 169,
124, 140, 212,
124, 140, 191,
125, 140, 169,
124, 140, 192,
124, 139, 212,
124, 139, 192,
124, 140, 212,
124, 140, 212,
124, 140, 192,
124, 139, 212,
124, 139, 192,
124, 140, 192,
112, 139, 192,
112, 140, 192,
124, 139, 192,
124, 139, 192,
124, 140, 192,
112, 139, 192,
112, 140, 192,
124, 139, 212,
112, 140, 212,
112, 139, 212,
124, 140, 212,
124, 140, 212,
124, 139, 212,
112, 140, 212,
112, 139, 212,
112, 139, 212,
112, 140, 192,
112, 139, 192,
112, 140, 212,
112, 140, 212,
112, 139, 212,
112, 140, 192,
112, 139, 192,
111, 140, 170,
111, 139, 191,
111, 139, 170,
111, 140, 191,
111, 140, 191,
111, 140, 170,
111, 139, 191,
111, 139, 170,
111, 140, 170,
99, 139, 170,
99, 140, 170,
111, 139, 170,
111, 139, 170,
111, 140, 170,
99, 139, 170,
99, 140, 170,
111, 139, 191,
99, 140, 191,
99, 139, 191,
111, 140, 191,
111, 140, 191,
111, 139, 191,
99, 140, 191,
99, 139, 191,
99, 140, 191,
99, 139, 170,
99, 139, 191,
99, 140, 170,
99, 140, 170,
99, 140, 191,
99, 139, 170,
99, 139, 191,
99, 139, 212,
99, 140, 192,
99, 139, 192,
99, 140, 212,
99, 140, 212,
99, 139, 212,
99, 140, 192,
99, 139, 192,
111, 139, 212,
99, 140, 212,
99, 139, 212,
111, 140, 212,
111, 140, 212,
111, 139, 212,
99, 140, 212,
99, 139, 212,
111, 140, 192,
99, 139, 192,
99, 140, 192,
111, 139, 192,
111, 139, 192,
111, 140, 192,
99, 139, 192,
99, 140, 192,
111, 140, 192,
111, 139, 212,
111, 139, 192,
111, 140, 212,
111, 140, 212,
111, 140, 192,
111, 139, 212,
111, 139, 192,
86, 139, 212,
86, 140, 192,
86, 139, 192,
86, 140, 212,
86, 140, 212,
86, 139, 212,
86, 140, 192,
86, 139, 192,
98, 139, 212,
86, 140, 212,
86, 139, 212,
98, 140, 212,
98, 140, 212,
98, 139, 212,
86, 140, 212,
86, 139, 212,
98, 140, 192,
86, 139, 192,
86, 140, 192,
98, 139, 192,
98, 139, 192,
98, 140, 192,
86, 139, 192,
86, 140, 192,
98, 140, 192,
98, 139, 212,
98, 139, 192,
98, 140, 212,
98, 140, 212,
98, 140, 192,
98, 139, 212,
98, 139, 192,
140, 85, 213,
140, 86, 212,
140, 85, 169,
140, 125, 213,
140, 98, 212,
140, 99, 212,
140, 98, 192,
140, 98, 191,
140, 98, 170,
140, 111, 212,
140, 112, 212,
140, 111, 192,
140, 111, 191,
140, 111, 170,
140, 124, 212,
140, 124, 192,
140, 124, 191,
140, 124, 170,
140, 86, 170,
140, 125, 169,
140, 86, 192,
140, 86, 191,
140, 99, 170,
140, 99, 192,
140, 99, 191,
140, 112, 170,
140, 112, 192,
140, 112, 191,
140, 98, 191,
140, 98, 192,
140, 86, 191,
140, 86, 192,
140, 111, 191,
140, 111, 192,
140, 99, 191,
140, 99, 192,
140, 124, 191,
140, 124, 192,
140, 112, 191,
140, 112, 192,
140, 125, 213,
140, 124, 170,
140, 125, 169,
140, 112, 170,
140, 112, 212,
140, 111, 170,
140, 99, 170,
140, 99, 212,
140, 98, 170,
140, 86, 170,
140, 86, 212,
140, 85, 169,
140, 124, 212,
140, 111, 212,
140, 98, 212,
140, 85, 213,
139, 98, 212,
140, 98, 192,
139, 98, 192,
140, 98, 212,
140, 98, 212,
139, 98, 212,
140, 98, 192,
139, 98, 192,
139, 86, 212,
140, 98, 212,
139, 98, 212,
140, 86, 212,
140, 86, 212,
139, 86, 212,
140, 98, 212,
139, 98, 212,
140, 98, 192,
139, 86, 192,
139, 98, 192,
140, 86, 192,
140, 86, 192,
140, 98, 192,
139, 86, 192,
139, 98, 192,
140, 86, 212,
139, 86, 192,
140, 86, 192,
139, 86, 212,
139, 86, 212,
140, 86, 212,
139, 86, 192,
140, 86, 192,
140, 99, 191,
139, 99, 170,
140, 99, 170,
139, 99, 191,
139, 99, 191,
140, 99, 191,
139, 99, 170,
140, 99, 170,
139, 111, 170,
140, 99, 170,
139, 99, 170,
140, 111, 170,
140, 111, 170,
139, 111, 170,
140, 99, 170,
139, 99, 170,
140, 99, 191,
139, 111, 191,
139, 99, 191,
140, 111, 191,
140, 111, 191,
140, 99, 191,
139, 111, 191,
139, 99, 191,
139, 111, 191,
140, 111, 170,
139, 111, 170,
140, 111, 191,
140, 111, 191,
139, 111, 191,
140, 111, 170,
139, 111, 170,
139, 111, 212,
140, 111, 192,
139, 111, 192,
140, 111, 212,
140, 111, 212,
139, 111, 212,
140, 111, 192,
139, 111, 192,
140, 99, 212,
139, 111, 212,
139, 99, 212,
140, 111, 212,
140, 111, 212,
140, 99, 212,
139, 111, 212,
139, 99, 212,
140, 111, 192,
139, 99, 192,
139, 111, 192,
140, 99, 192,
140, 99, 192,
140, 111, 192,
139, 99, 192,
139, 111, 192,
140, 99, 212,
139, 99, 192,
140, 99, 192,
139, 99, 212,
139, 99, 212,
140, 99, 212,
139, 99, 192,
140, 99, 192,
139, 124, 212,
140, 124, 192,
139, 124, 192,
140, 124, 212,
140, 124, 212,
139, 124, 212,
140, 124, 192,
139, 124, 192,
140, 112, 212,
139, 124, 212,
139, 112, 212,
140, 124, 212,
140, 124, 212,
140, 112, 212,
139, 124, 212,
139, 112, 212,
139, 124, 192,
140, 112, 192,
139, 112, 192,
140, 124, 192,
140, 124, 192,
139, 124, 192,
140, 112, 192,
139, 112, 192,
140, 112, 212,
139, 112, 192,
140, 112, 192,
139, 112, 212,
139, 112, 212,
140, 112, 212,
139, 112, 192,
140, 112, 192,
140, 29, 213,
140, 30, 212,
140, 29, 169,
140, 68, 213,
140, 41, 212,
140, 42, 212,
140, 41, 192,
140, 41, 191,
140, 41, 170,
140, 55, 212,
140, 56, 212,
140, 55, 192,
140, 55, 191,
140, 55, 170,
140, 67, 212,
140, 67, 192,
140, 67, 191,
140, 67, 170,
140, 30, 170,
140, 68, 169,
140, 30, 192,
140, 30, 191,
140, 42, 170,
140, 42, 192,
140, 42, 191,
140, 56, 170,
140, 56, 192,
140, 56, 191,
140, 41, 191,
140, 41, 192,
140, 30, 191,
140, 30, 192,
140, 55, 191,
140, 55, 192,
140, 42, 191,
140, 42, 192,
140, 67, 191,
140, 67, 192,
140, 56, 191,
140, 56, 192,
140, 68, 213,
140, 67, 170,
140, 68, 169,
140, 56, 170,
140, 56, 212,
140, 55, 170,
140, 42, 170,
140, 42, 212,
140, 41, 170,
140, 30, 170,
140, 30, 212,
140, 29, 169,
140, 67, 212,
140, 55, 212,
140, 41, 212,
140, 29, 213,
140, 30, 212,
139, 30, 192,
140, 30, 192,
139, 30, 212,
139, 30, 212,
140, 30, 212,
139, 30, 192,
140, 30, 192,
139, 41, 192,
140, 30, 192,
139, 30, 192,
140, 41, 192,
140, 41, 192,
139, 41, 192,
140, 30, 192,
139, 30, 192,
140, 30, 212,
139, 41, 212,
139, 30, 212,
140, 41, 212,
140, 41, 212,
140, 30, 212,
139, 41, 212,
139, 30, 212,
139, 41, 212,
140, 41, 192,
139, 41, 192,
140, 41, 212,
140, 41, 212,
139, 41, 212,
140, 41, 192,
139, 41, 192,
140, 42, 191,
139, 42, 170,
140, 42, 170,
139, 42, 191,
139, 42, 191,
140, 42, 191,
139, 42, 170,
140, 42, 170,
139, 55, 170,
140, 42, 170,
139, 42, 170,
140, 55, 170,
140, 55, 170,
139, 55, 170,
140, 42, 170,
139, 42, 170,
140, 42, 191,
139, 55, 191,
139, 42, 191,
140, 55, 191,
140, 55, 191,
140, 42, 191,
139, 55, 191,
139, 42, 191,
139, 55, 191,
140, 55, 170,
139, 55, 170,
140, 55, 191,
140, 55, 191,
139, 55, 191,
140, 55, 170,
139, 55, 170,
139, 55, 212,
140, 55, 192,
139, 55, 192,
140, 55, 212,
140, 55, 212,
139, 55, 212,
140, 55, 192,
139, 55, 192,
140, 42, 212,
139, 55, 212,
139, 42, 212,
140, 55, 212,
140, 55, 212,
140, 42, 212,
139, 55, 212,
139, 42, 212,
139, 55, 192,
140, 42, 192,
139, 42, 192,
140, 55, 192,
140, 55, 192,
139, 55, 192,
140, 42, 192,
139, 42, 192,
140, 42, 212,
139, 42, 192,
140, 42, 192,
139, 42, 212,
139, 42, 212,
140, 42, 212,
139, 42, 192,
140, 42, 192,
139, 67, 212,
140, 67, 192,
139, 67, 192,
140, 67, 212,
140, 67, 212,
139, 67, 212,
140, 67, 192,
139, 67, 192,
140, 56, 212,
139, 67, 212,
139, 56, 212,
140, 67, 212,
140, 67, 212,
140, 56, 212,
139, 67, 212,
139, 56, 212,
139, 67, 192,
140, 56, 192,
139, 56, 192,
140, 67, 192,
140, 67, 192,
139, 67, 192,
140, 56, 192,
139, 56, 192,
140, 56, 212,
139, 56, 192,
140, 56, 192,
139, 56, 212,
139, 56, 212,
140, 56, 212,
139, 56, 192,
140, 56, 192,
125, 14, 169,
124, 14, 170,
85, 14, 169,
125, 14, 213,
124, 14, 191,
124, 14, 192,
112, 14, 191,
111, 14, 191,
99, 14, 191,
98, 14, 191,
86, 14, 191,
124, 14, 212,
112, 14, 212,
111, 14, 212,
99, 14, 212,
98, 14, 212,
86, 14, 212,
86, 14, 170,
85, 14, 213,
112, 14, 170,
111, 14, 170,
99, 14, 170,
98, 14, 170,
86, 14, 192,
112, 14, 192,
111, 14, 192,
99, 14, 192,
98, 14, 192,
111, 14, 191,
112, 14, 191,
111, 14, 170,
112, 14, 170,
98, 14, 191,
99, 14, 191,
98, 14, 170,
99, 14, 170,
111, 14, 212,
112, 14, 212,
111, 14, 192,
112, 14, 192,
98, 14, 212,
99, 14, 212,
98, 14, 192,
99, 14, 192,
125, 14, 213,
86, 14, 212,
85, 14, 213,
86, 14, 192,
124, 14, 192,
86, 14, 191,
86, 14, 170,
124, 14, 170,
85, 14, 169,
124, 14, 212,
124, 14, 191,
125, 14, 169,
98, 14, 192,
86, 15, 192,
86, 14, 192,
98, 15, 192,
98, 15, 192,
98, 14, 192,
86, 15, 192,
86, 14, 192,
86, 15, 192,
86, 14, 212,
86, 14, 192,
86, 15, 212,
86, 15, 212,
86, 15, 192,
86, 14, 212,
86, 14, 192,
98, 15, 212,
98, 14, 192,
98, 14, 212,
98, 15, 192,
98, 15, 192,
98, 15, 212,
98, 14, 192,
98, 14, 212,
98, 15, 212,
86, 14, 212,
86, 15, 212,
98, 14, 212,
98, 14, 212,
98, 15, 212,
86, 14, 212,
86, 15, 212,
111, 15, 212,
99, 14, 212,
99, 15, 212,
111, 14, 212,
111, 14, 212,
111, 15, 212,
99, 14, 212,
99, 15, 212,
111, 15, 212,
111, 14, 192,
111, 14, 212,
111, 15, 192,
111, 15, 192,
111, 15, 212,
111, 14, 192,
111, 14, 212,
99, 15, 192,
99, 14, 212,
99, 14, 192,
99, 15, 212,
99, 15, 212,
99, 15, 192,
99, 14, 212,
99, 14, 192,
111, 14, 192,
99, 15, 192,
99, 14, 192,
111, 15, 192,
111, 15, 192,
111, 14, 192,
99, 15, 192,
99, 14, 192,
111, 15, 191,
111, 14, 170,
111, 14, 191,
111, 15, 170,
111, 15, 170,
111, 15, 191,
111, 14, 170,
111, 14, 191,
111, 14, 170,
99, 15, 170,
99, 14, 170,
111, 15, 170,
111, 15, 170,
111, 14, 170,
99, 15, 170,
99, 14, 170,
111, 15, 191,
99, 14, 191,
99, 15, 191,
111, 14, 191,
111, 14, 191,
111, 15, 191,
99, 14, 191,
99, 15, 191,
99, 15, 170,
99, 14, 191,
99, 14, 170,
99, 15, 191,
99, 15, 191,
99, 15, 170,
99, 14, 191,
99, 14, 170,
124, 15, 212,
112, 14, 212,
112, 15, 212,
124, 14, 212,
124, 14, 212,
124, 15, 212,
112, 14, 212,
112, 15, 212,
124, 15, 212,
124, 14, 192,
124, 14, 212,
124, 15, 192,
124, 15, 192,
124, 15, 212,
124, 14, 192,
124, 14, 212,
112, 15, 192,
112, 14, 212,
112, 14, 192,
112, 15, 212,
112, 15, 212,
112, 15, 192,
112, 14, 212,
112, 14, 192,
124, 14, 192,
112, 15, 192,
112, 14, 192,
124, 15, 192,
124, 15, 192,
124, 14, 192,
112, 15, 192,
112, 14, 192,
68, 14, 169,
67, 14, 170,
29, 14, 169,
68, 14, 213,
67, 14, 191,
67, 14, 192,
56, 14, 191,
55, 14, 191,
42, 14, 191,
41, 14, 191,
30, 14, 191,
67, 14, 212,
56, 14, 212,
55, 14, 212,
42, 14, 212,
41, 14, 212,
30, 14, 212,
30, 14, 170,
29, 14, 213,
56, 14, 170,
55, 14, 170,
42, 14, 170,
41, 14, 170,
30, 14, 192,
56, 14, 192,
55, 14, 192,
42, 14, 192,
41, 14, 192,
55, 14, 191,
56, 14, 191,
55, 14, 170,
56, 14, 170,
41, 14, 191,
42, 14, 191,
41, 14, 170,
42, 14, 170,
55, 14, 212,
56, 14, 212,
55, 14, 192,
56, 14, 192,
41, 14, 212,
42, 14, 212,
41, 14, 192,
42, 14, 192,
68, 14, 213,
30, 14, 212,
29, 14, 213,
30, 14, 192,
67, 14, 192,
30, 14, 191,
30, 14, 170,
67, 14, 170,
29, 14, 169,
67, 14, 212,
67, 14, 191,
68, 14, 169,
56, 15, 192,
56, 14, 212,
56, 14, 192,
56, 15, 212,
56, 15, 212,
56, 15, 192,
56, 14, 212,
56, 14, 192,
67, 15, 212,
56, 14, 212,
56, 15, 212,
67, 14, 212,
67, 14, 212,
67, 15, 212,
56, 14, 212,
56, 15, 212,
67, 14, 192,
56, 15, 192,
56, 14, 192,
67, 15, 192,
67, 15, 192,
67, 14, 192,
56, 15, 192,
56, 14, 192,
67, 15, 212,
67, 14, 192,
67, 14, 212,
67, 15, 192,
67, 15, 192,
67, 15, 212,
67, 14, 192,
67, 14, 212,
41, 15, 191,
41, 14, 170,
41, 14, 191,
41, 15, 170,
41, 15, 170,
41, 15, 191,
41, 14, 170,
41, 14, 191,
55, 14, 170,
42, 15, 170,
42, 14, 170,
55, 15, 170,
55, 15, 170,
55, 14, 170,
42, 15, 170,
42, 14, 170,
42, 15, 170,
42, 14, 191,
42, 14, 170,
42, 15, 191,
42, 15, 191,
42, 15, 170,
42, 14, 191,
42, 14, 170,
55, 15, 191,
55, 14, 170,
55, 14, 191,
55, 15, 170,
55, 15, 170,
55, 15, 191,
55, 14, 170,
55, 14, 191,
55, 15, 191,
42, 14, 191,
42, 15, 191,
55, 14, 191,
55, 14, 191,
55, 15, 191,
42, 14, 191,
42, 15, 191,
42, 15, 192,
42, 14, 212,
42, 14, 192,
42, 15, 212,
42, 15, 212,
42, 15, 192,
42, 14, 212,
42, 14, 192,
55, 15, 212,
42, 14, 212,
42, 15, 212,
55, 14, 212,
55, 14, 212,
55, 15, 212,
42, 14, 212,
42, 15, 212,
55, 14, 192,
42, 15, 192,
42, 14, 192,
55, 15, 192,
55, 15, 192,
55, 14, 192,
42, 15, 192,
42, 14, 192,
55, 15, 212,
55, 14, 192,
55, 14, 212,
55, 15, 192,
55, 15, 192,
55, 15, 212,
55, 14, 192,
55, 14, 212,
30, 15, 192,
30, 14, 212,
30, 14, 192,
30, 15, 212,
30, 15, 212,
30, 15, 192,
30, 14, 212,
30, 14, 192,
41, 15, 212,
30, 14, 212,
30, 15, 212,
41, 14, 212,
41, 14, 212,
41, 15, 212,
30, 14, 212,
30, 15, 212,
41, 14, 192,
30, 15, 192,
30, 14, 192,
41, 15, 192,
41, 15, 192,
41, 14, 192,
30, 15, 192,
30, 14, 192,
41, 15, 212,
41, 14, 192,
41, 14, 212,
41, 15, 192,
41, 15, 192,
41, 15, 212,
41, 14, 192,
41, 14, 212,
140, 79, 218,
140, 75, 8,
140, 75, 218,
140, 79, 8,
141, 75, 218,
140, 75, 8,
141, 75, 8,
140, 75, 218,
141, 79, 8,
141, 75, 218,
141, 75, 8,
141, 79, 218,
79, 140, 218,
75, 140, 8,
79, 140, 8,
75, 140, 218,
79, 140, 218,
75, 141, 218,
75, 140, 218,
79, 141, 218,
136, 6, 233,
18, 6, 220,
136, 6, 220,
18, 6, 233,
18, 6, 233,
136, 6, 233,
18, 6, 220,
136, 6, 220,
6, 18, 233,
6, 136, 220,
6, 18, 220,
6, 136, 233,
6, 136, 233,
6, 18, 233,
6, 136, 220,
6, 18, 220,
147, 18, 220,
147, 136, 233,
147, 18, 233,
147, 136, 220,
147, 136, 220,
147, 18, 220,
147, 136, 233,
147, 18, 233,
18, 147, 233,
136, 147, 220,
18, 147, 220,
136, 147, 233,
136, 147, 233,
18, 147, 233,
136, 147, 220,
18, 147, 220,
139, 14, 247,
14, 14, 239,
139, 14, 239,
14, 14, 247,
14, 14, 247,
139, 14, 247,
14, 14, 239,
139, 14, 239,
139, 139, 239,
139, 14, 247,
139, 14, 239,
139, 139, 247,
139, 139, 247,
139, 139, 239,
139, 14, 247,
139, 14, 239,
14, 14, 247,
19, 19, 247,
14, 139, 247,
139, 14, 247,
19, 135, 247,
135, 19, 247,
135, 135, 247,
139, 139, 247,
139, 14, 247,
135, 135, 247,
139, 139, 247,
19, 135, 247,
14, 139, 247,
135, 19, 247,
19, 19, 247,
14, 14, 247,
14, 139, 247,
14, 14, 239,
14, 14, 247,
14, 139, 239,
14, 139, 239,
14, 139, 247,
14, 14, 239,
14, 14, 247,
14, 139, 247,
139, 139, 239,
14, 139, 239,
139, 139, 247,
139, 139, 247,
14, 139, 247,
139, 139, 239,
14, 139, 239,
19, 135, 258,
19, 19, 247,
19, 19, 258,
19, 135, 247,
19, 135, 247,
19, 135, 258,
19, 19, 247,
19, 19, 258,
19, 19, 247,
135, 135, 247,
19, 135, 247,
135, 19, 247,
135, 19, 247,
19, 19, 247,
135, 135, 247,
19, 135, 247,
135, 19, 258,
19, 19, 247,
135, 19, 247,
19, 19, 258,
19, 19, 258,
135, 19, 258,
19, 19, 247,
135, 19, 247,
19, 19, 258,
67, 86, 269,
19, 135, 258,
67, 67, 269,
67, 67, 269,
19, 19, 258,
67, 86, 269,
19, 135, 258,
19, 135, 258,
135, 135, 247,
19, 135, 247,
135, 135, 258,
135, 135, 258,
19, 135, 258,
135, 135, 247,
19, 135, 247,
135, 135, 247,
135, 19, 258,
135, 19, 247,
135, 135, 258,
135, 135, 258,
135, 135, 247,
135, 19, 258,
135, 19, 247,
135, 19, 258,
67, 67, 269,
19, 19, 258,
86, 67, 269,
86, 67, 269,
135, 19, 258,
67, 67, 269,
19, 19, 258,
86, 67, 269,
67, 86, 269,
67, 67, 269,
86, 86, 269,
86, 86, 269,
86, 67, 269,
67, 86, 269,
67, 67, 269,
67, 86, 269,
135, 135, 258,
19, 135, 258,
86, 86, 269,
86, 86, 269,
67, 86, 269,
135, 135, 258,
19, 135, 258,
135, 19, 258,
86, 86, 269,
86, 67, 269,
135, 135, 258,
135, 135, 258,
135, 19, 258,
86, 86, 269,
86, 67, 269,
